2022/08/18-08:49:17.474128 70000a0cf000 RocksDB version: 5.18.4
2022/08/18-08:49:17.474249 70000a0cf000 Git sha rocksdb_build_git_sha:b9a4a10659969c71e6f6eab4e4bae8c36ede919f
2022/08/18-08:49:17.474252 70000a0cf000 Compile date Mar 11 2020
2022/08/18-08:49:17.474254 70000a0cf000 DB SUMMARY
2022/08/18-08:49:17.474351 70000a0cf000 CURRENT file:  CURRENT
2022/08/18-08:49:17.474353 70000a0cf000 IDENTITY file:  IDENTITY
2022/08/18-08:49:17.474365 70000a0cf000 MANIFEST file:  MANIFEST-000011 size: 447 Bytes
2022/08/18-08:49:17.474368 70000a0cf000 SST files in /Users/mi/Downloads/RuoYi-Cloud-master/nacos/data/protocol/raft/naming_service_metadata/log dir, Total Num: 4, files: 000006.sst 000008.sst 000010.sst 000012.sst 
2022/08/18-08:49:17.474370 70000a0cf000 Write Ahead Log file in /Users/mi/Downloads/RuoYi-Cloud-master/nacos/data/protocol/raft/naming_service_metadata/log: 000013.log size: 185 ; 
2022/08/18-08:49:17.474373 70000a0cf000                         Options.error_if_exists: 0
2022/08/18-08:49:17.474375 70000a0cf000                       Options.create_if_missing: 1
2022/08/18-08:49:17.474376 70000a0cf000                         Options.paranoid_checks: 1
2022/08/18-08:49:17.474377 70000a0cf000                                     Options.env: 0x1198a6308
2022/08/18-08:49:17.474379 70000a0cf000                                Options.info_log: 0x600001999040
2022/08/18-08:49:17.474380 70000a0cf000                Options.max_file_opening_threads: 16
2022/08/18-08:49:17.474381 70000a0cf000                              Options.statistics: 0x600000b24c60
2022/08/18-08:49:17.474383 70000a0cf000                               Options.use_fsync: 0
2022/08/18-08:49:17.474384 70000a0cf000                       Options.max_log_file_size: 0
2022/08/18-08:49:17.474385 70000a0cf000                  Options.max_manifest_file_size: 1073741824
2022/08/18-08:49:17.474386 70000a0cf000                   Options.log_file_time_to_roll: 0
2022/08/18-08:49:17.474388 70000a0cf000                       Options.keep_log_file_num: 1000
2022/08/18-08:49:17.474389 70000a0cf000                    Options.recycle_log_file_num: 0
2022/08/18-08:49:17.474390 70000a0cf000                         Options.allow_fallocate: 1
2022/08/18-08:49:17.474391 70000a0cf000                        Options.allow_mmap_reads: 0
2022/08/18-08:49:17.474393 70000a0cf000                       Options.allow_mmap_writes: 0
2022/08/18-08:49:17.474394 70000a0cf000                        Options.use_direct_reads: 0
2022/08/18-08:49:17.474395 70000a0cf000                        Options.use_direct_io_for_flush_and_compaction: 0
2022/08/18-08:49:17.474396 70000a0cf000          Options.create_missing_column_families: 1
2022/08/18-08:49:17.474398 70000a0cf000                              Options.db_log_dir: 
2022/08/18-08:49:17.474399 70000a0cf000                                 Options.wal_dir: /Users/mi/Downloads/RuoYi-Cloud-master/nacos/data/protocol/raft/naming_service_metadata/log
2022/08/18-08:49:17.474400 70000a0cf000                Options.table_cache_numshardbits: 6
2022/08/18-08:49:17.474401 70000a0cf000                      Options.max_subcompactions: 1
2022/08/18-08:49:17.474403 70000a0cf000                  Options.max_background_flushes: 1
2022/08/18-08:49:17.474404 70000a0cf000                         Options.WAL_ttl_seconds: 0
2022/08/18-08:49:17.474405 70000a0cf000                       Options.WAL_size_limit_MB: 0
2022/08/18-08:49:17.474406 70000a0cf000             Options.manifest_preallocation_size: 4194304
2022/08/18-08:49:17.474408 70000a0cf000                     Options.is_fd_close_on_exec: 1
2022/08/18-08:49:17.474409 70000a0cf000                   Options.advise_random_on_open: 1
2022/08/18-08:49:17.474410 70000a0cf000                    Options.db_write_buffer_size: 0
2022/08/18-08:49:17.474411 70000a0cf000                    Options.write_buffer_manager: 0x6000037bf480
2022/08/18-08:49:17.474413 70000a0cf000         Options.access_hint_on_compaction_start: 1
2022/08/18-08:49:17.474414 70000a0cf000  Options.new_table_reader_for_compaction_inputs: 0
2022/08/18-08:49:17.474415 70000a0cf000           Options.random_access_max_buffer_size: 1048576
2022/08/18-08:49:17.474505 70000a0cf000                      Options.use_adaptive_mutex: 0
2022/08/18-08:49:17.474507 70000a0cf000                            Options.rate_limiter: 0x0
2022/08/18-08:49:17.474509 70000a0cf000     Options.sst_file_manager.rate_bytes_per_sec: 0
2022/08/18-08:49:17.474510 70000a0cf000                       Options.wal_recovery_mode: 2
2022/08/18-08:49:17.474512 70000a0cf000                  Options.enable_thread_tracking: 0
2022/08/18-08:49:17.474513 70000a0cf000                  Options.enable_pipelined_write: 0
2022/08/18-08:49:17.474514 70000a0cf000         Options.allow_concurrent_memtable_write: 1
2022/08/18-08:49:17.474515 70000a0cf000      Options.enable_write_thread_adaptive_yield: 1
2022/08/18-08:49:17.474517 70000a0cf000             Options.write_thread_max_yield_usec: 100
2022/08/18-08:49:17.474518 70000a0cf000            Options.write_thread_slow_yield_usec: 3
2022/08/18-08:49:17.474519 70000a0cf000                               Options.row_cache: None
2022/08/18-08:49:17.474520 70000a0cf000                              Options.wal_filter: None
2022/08/18-08:49:17.474522 70000a0cf000             Options.avoid_flush_during_recovery: 0
2022/08/18-08:49:17.474523 70000a0cf000             Options.allow_ingest_behind: 0
2022/08/18-08:49:17.474524 70000a0cf000             Options.preserve_deletes: 0
2022/08/18-08:49:17.474525 70000a0cf000             Options.two_write_queues: 0
2022/08/18-08:49:17.474527 70000a0cf000             Options.manual_wal_flush: 0
2022/08/18-08:49:17.474528 70000a0cf000             Options.max_background_jobs: 2
2022/08/18-08:49:17.474529 70000a0cf000             Options.max_background_compactions: 4
2022/08/18-08:49:17.474530 70000a0cf000             Options.avoid_flush_during_shutdown: 0
2022/08/18-08:49:17.474532 70000a0cf000           Options.writable_file_max_buffer_size: 1048576
2022/08/18-08:49:17.474533 70000a0cf000             Options.delayed_write_rate : 16777216
2022/08/18-08:49:17.474534 70000a0cf000             Options.max_total_wal_size: 0
2022/08/18-08:49:17.474535 70000a0cf000             Options.delete_obsolete_files_period_micros: 21600000000
2022/08/18-08:49:17.474537 70000a0cf000                   Options.stats_dump_period_sec: 600
2022/08/18-08:49:17.474538 70000a0cf000                          Options.max_open_files: -1
2022/08/18-08:49:17.474539 70000a0cf000                          Options.bytes_per_sync: 0
2022/08/18-08:49:17.474541 70000a0cf000                      Options.wal_bytes_per_sync: 0
2022/08/18-08:49:17.474542 70000a0cf000       Options.compaction_readahead_size: 0
2022/08/18-08:49:17.474543 70000a0cf000 Compression algorithms supported:
2022/08/18-08:49:17.474545 70000a0cf000 	kZSTD supported: 1
2022/08/18-08:49:17.474546 70000a0cf000 	kZlibCompression supported: 1
2022/08/18-08:49:17.474548 70000a0cf000 	kXpressCompression supported: 0
2022/08/18-08:49:17.474549 70000a0cf000 	kSnappyCompression supported: 1
2022/08/18-08:49:17.474550 70000a0cf000 	kZSTDNotFinalCompression supported: 1
2022/08/18-08:49:17.474552 70000a0cf000 	kLZ4HCCompression supported: 1
2022/08/18-08:49:17.474553 70000a0cf000 	kLZ4Compression supported: 1
2022/08/18-08:49:17.474554 70000a0cf000 	kBZip2Compression supported: 1
2022/08/18-08:49:17.474556 70000a0cf000 Fast CRC32 supported: Not supported on x86
2022/08/18-08:49:17.476423 70000a0cf000 [/version_set.cc:3508] Recovering from manifest file: MANIFEST-000011
2022/08/18-08:49:17.476551 70000a0cf000 [/column_family.cc:474] --------------- Options for column family [default]:
2022/08/18-08:49:17.476558 70000a0cf000               Options.comparator: leveldb.BytewiseComparator
2022/08/18-08:49:17.476561 70000a0cf000           Options.merge_operator: StringAppendOperator
2022/08/18-08:49:17.476564 70000a0cf000        Options.compaction_filter: None
2022/08/18-08:49:17.476566 70000a0cf000        Options.compaction_filter_factory: None
2022/08/18-08:49:17.476568 70000a0cf000         Options.memtable_factory: SkipListFactory
2022/08/18-08:49:17.476570 70000a0cf000            Options.table_factory: BlockBasedTable
2022/08/18-08:49:17.476700 70000a0cf000            table_factory options:   flush_block_policy_factory: FlushBlockBySizePolicyFactory (0x600007a23db0)
  cache_index_and_filter_blocks: 0
  cache_index_and_filter_blocks_with_high_priority: 1
  pin_l0_filter_and_index_blocks_in_cache: 1
  pin_top_level_index_and_filter: 1
  index_type: 2
  hash_index_allow_collision: 1
  checksum: 1
  no_block_cache: 0
  block_cache: 0x60000083fb78
  block_cache_name: LRUCache
  block_cache_options:
    capacity : 536870912
    num_shard_bits : 8
    strict_capacity_limit : 0
    memory_allocator : None
    high_pri_pool_ratio: 0.000
  block_cache_compressed: 0x0
  persistent_cache: 0x0
  block_size: 4096
  block_size_deviation: 10
  block_restart_interval: 16
  index_block_restart_interval: 1
  metadata_block_size: 8192
  partition_filters: 1
  use_delta_encoding: 1
  filter_policy: nullptr
  whole_key_filtering: 1
  verify_compression: 0
  read_amp_bytes_per_bit: 0
  format_version: 0
  enable_index_compression: 1
  block_align: 0
2022/08/18-08:49:17.476708 70000a0cf000        Options.write_buffer_size: 134217728
2022/08/18-08:49:17.476711 70000a0cf000  Options.max_write_buffer_number: 6
2022/08/18-08:49:17.476713 70000a0cf000        Options.compression[0]: NoCompression
2022/08/18-08:49:17.476715 70000a0cf000        Options.compression[1]: NoCompression
2022/08/18-08:49:17.476717 70000a0cf000        Options.compression[2]: Snappy
2022/08/18-08:49:17.476720 70000a0cf000        Options.compression[3]: Snappy
2022/08/18-08:49:17.476722 70000a0cf000        Options.compression[4]: Snappy
2022/08/18-08:49:17.476724 70000a0cf000        Options.compression[5]: Snappy
2022/08/18-08:49:17.476726 70000a0cf000        Options.compression[6]: Snappy
2022/08/18-08:49:17.476728 70000a0cf000                  Options.bottommost_compression: Disabled
2022/08/18-08:49:17.476731 70000a0cf000       Options.prefix_extractor: rocksdb.FixedPrefix.8
2022/08/18-08:49:17.476733 70000a0cf000   Options.memtable_insert_with_hint_prefix_extractor: nullptr
2022/08/18-08:49:17.476735 70000a0cf000             Options.num_levels: 7
2022/08/18-08:49:17.476737 70000a0cf000        Options.min_write_buffer_number_to_merge: 2
2022/08/18-08:49:17.476739 70000a0cf000     Options.max_write_buffer_number_to_maintain: 0
2022/08/18-08:49:17.476741 70000a0cf000            Options.bottommost_compression_opts.window_bits: -14
2022/08/18-08:49:17.476743 70000a0cf000                  Options.bottommost_compression_opts.level: 32767
2022/08/18-08:49:17.476745 70000a0cf000               Options.bottommost_compression_opts.strategy: 0
2022/08/18-08:49:17.476747 70000a0cf000         Options.bottommost_compression_opts.max_dict_bytes: 0
2022/08/18-08:49:17.476749 70000a0cf000         Options.bottommost_compression_opts.zstd_max_train_bytes: 0
2022/08/18-08:49:17.476751 70000a0cf000                  Options.bottommost_compression_opts.enabled: false
2022/08/18-08:49:17.476753 70000a0cf000            Options.compression_opts.window_bits: -14
2022/08/18-08:49:17.476755 70000a0cf000                  Options.compression_opts.level: 32767
2022/08/18-08:49:17.476757 70000a0cf000               Options.compression_opts.strategy: 0
2022/08/18-08:49:17.476759 70000a0cf000         Options.compression_opts.max_dict_bytes: 0
2022/08/18-08:49:17.476761 70000a0cf000         Options.compression_opts.zstd_max_train_bytes: 0
2022/08/18-08:49:17.476763 70000a0cf000                  Options.compression_opts.enabled: false
2022/08/18-08:49:17.476765 70000a0cf000      Options.level0_file_num_compaction_trigger: 2
2022/08/18-08:49:17.476767 70000a0cf000          Options.level0_slowdown_writes_trigger: 20
2022/08/18-08:49:17.476769 70000a0cf000              Options.level0_stop_writes_trigger: 40
2022/08/18-08:49:17.476771 70000a0cf000                   Options.target_file_size_base: 67108864
2022/08/18-08:49:17.476773 70000a0cf000             Options.target_file_size_multiplier: 1
2022/08/18-08:49:17.476775 70000a0cf000                Options.max_bytes_for_level_base: 536870912
2022/08/18-08:49:17.476777 70000a0cf000 Options.level_compaction_dynamic_level_bytes: 0
2022/08/18-08:49:17.476859 70000a0cf000          Options.max_bytes_for_level_multiplier: 10.000000
2022/08/18-08:49:17.476864 70000a0cf000 Options.max_bytes_for_level_multiplier_addtl[0]: 1
2022/08/18-08:49:17.476866 70000a0cf000 Options.max_bytes_for_level_multiplier_addtl[1]: 1
2022/08/18-08:49:17.476869 70000a0cf000 Options.max_bytes_for_level_multiplier_addtl[2]: 1
2022/08/18-08:49:17.476871 70000a0cf000 Options.max_bytes_for_level_multiplier_addtl[3]: 1
2022/08/18-08:49:17.476873 70000a0cf000 Options.max_bytes_for_level_multiplier_addtl[4]: 1
2022/08/18-08:49:17.476876 70000a0cf000 Options.max_bytes_for_level_multiplier_addtl[5]: 1
2022/08/18-08:49:17.476878 70000a0cf000 Options.max_bytes_for_level_multiplier_addtl[6]: 1
2022/08/18-08:49:17.476880 70000a0cf000       Options.max_sequential_skip_in_iterations: 8
2022/08/18-08:49:17.476883 70000a0cf000                    Options.max_compaction_bytes: 1677721600
2022/08/18-08:49:17.476885 70000a0cf000                        Options.arena_block_size: 16777216
2022/08/18-08:49:17.476887 70000a0cf000   Options.soft_pending_compaction_bytes_limit: 68719476736
2022/08/18-08:49:17.476890 70000a0cf000   Options.hard_pending_compaction_bytes_limit: 274877906944
2022/08/18-08:49:17.476892 70000a0cf000       Options.rate_limit_delay_max_milliseconds: 100
2022/08/18-08:49:17.476895 70000a0cf000                Options.disable_auto_compactions: 0
2022/08/18-08:49:17.476898 70000a0cf000                        Options.compaction_style: kCompactionStyleLevel
2022/08/18-08:49:17.476900 70000a0cf000                          Options.compaction_pri: kByCompensatedSize
2022/08/18-08:49:17.476902 70000a0cf000 Options.compaction_options_universal.size_ratio: 1
2022/08/18-08:49:17.476905 70000a0cf000 Options.compaction_options_universal.min_merge_width: 2
2022/08/18-08:49:17.476907 70000a0cf000 Options.compaction_options_universal.max_merge_width: 4294967295
2022/08/18-08:49:17.476909 70000a0cf000 Options.compaction_options_universal.max_size_amplification_percent: 200
2022/08/18-08:49:17.476912 70000a0cf000 Options.compaction_options_universal.compression_size_percent: -1
2022/08/18-08:49:17.476916 70000a0cf000 Options.compaction_options_universal.stop_style: kCompactionStopStyleTotalSize
2022/08/18-08:49:17.476918 70000a0cf000 Options.compaction_options_fifo.max_table_files_size: 1073741824
2022/08/18-08:49:17.476921 70000a0cf000 Options.compaction_options_fifo.allow_compaction: 0
2022/08/18-08:49:17.476923 70000a0cf000 Options.compaction_options_fifo.ttl: 0
2022/08/18-08:49:17.476925 70000a0cf000                   Options.table_properties_collectors: 
2022/08/18-08:49:17.476927 70000a0cf000                   Options.inplace_update_support: 0
2022/08/18-08:49:17.476930 70000a0cf000                 Options.inplace_update_num_locks: 10000
2022/08/18-08:49:17.476932 70000a0cf000               Options.memtable_prefix_bloom_size_ratio: 0.125000
2022/08/18-08:49:17.476935 70000a0cf000   Options.memtable_huge_page_size: 0
2022/08/18-08:49:17.476938 70000a0cf000                           Options.bloom_locality: 0
2022/08/18-08:49:17.476940 70000a0cf000                    Options.max_successive_merges: 0
2022/08/18-08:49:17.476943 70000a0cf000                Options.optimize_filters_for_hits: 0
2022/08/18-08:49:17.476945 70000a0cf000                Options.paranoid_file_checks: 0
2022/08/18-08:49:17.476947 70000a0cf000                Options.force_consistency_checks: 1
2022/08/18-08:49:17.476949 70000a0cf000                Options.report_bg_io_stats: 0
2022/08/18-08:49:17.476952 70000a0cf000                               Options.ttl: 0
2022/08/18-08:49:17.497934 70000a0cf000 [/column_family.cc:474] --------------- Options for column family [Configuration]:
2022/08/18-08:49:17.497957 70000a0cf000               Options.comparator: leveldb.BytewiseComparator
2022/08/18-08:49:17.497963 70000a0cf000           Options.merge_operator: StringAppendOperator
2022/08/18-08:49:17.497966 70000a0cf000        Options.compaction_filter: None
2022/08/18-08:49:17.498654 70000a0cf000        Options.compaction_filter_factory: None
2022/08/18-08:49:17.498665 70000a0cf000         Options.memtable_factory: SkipListFactory
2022/08/18-08:49:17.498670 70000a0cf000            Options.table_factory: BlockBasedTable
2022/08/18-08:49:17.498742 70000a0cf000            table_factory options:   flush_block_policy_factory: FlushBlockBySizePolicyFactory (0x600007a23db0)
  cache_index_and_filter_blocks: 0
  cache_index_and_filter_blocks_with_high_priority: 1
  pin_l0_filter_and_index_blocks_in_cache: 1
  pin_top_level_index_and_filter: 1
  index_type: 2
  hash_index_allow_collision: 1
  checksum: 1
  no_block_cache: 0
  block_cache: 0x60000083fb78
  block_cache_name: LRUCache
  block_cache_options:
    capacity : 536870912
    num_shard_bits : 8
    strict_capacity_limit : 0
    memory_allocator : None
    high_pri_pool_ratio: 0.000
  block_cache_compressed: 0x0
  persistent_cache: 0x0
  block_size: 4096
  block_size_deviation: 10
  block_restart_interval: 16
  index_block_restart_interval: 1
  metadata_block_size: 8192
  partition_filters: 1
  use_delta_encoding: 1
  filter_policy: nullptr
  whole_key_filtering: 1
  verify_compression: 0
  read_amp_bytes_per_bit: 0
  format_version: 0
  enable_index_compression: 1
  block_align: 0
2022/08/18-08:49:17.498761 70000a0cf000        Options.write_buffer_size: 134217728
2022/08/18-08:49:17.498765 70000a0cf000  Options.max_write_buffer_number: 6
2022/08/18-08:49:17.498768 70000a0cf000        Options.compression[0]: NoCompression
2022/08/18-08:49:17.498770 70000a0cf000        Options.compression[1]: NoCompression
2022/08/18-08:49:17.498772 70000a0cf000        Options.compression[2]: Snappy
2022/08/18-08:49:17.498775 70000a0cf000        Options.compression[3]: Snappy
2022/08/18-08:49:17.498777 70000a0cf000        Options.compression[4]: Snappy
2022/08/18-08:49:17.498780 70000a0cf000        Options.compression[5]: Snappy
2022/08/18-08:49:17.498782 70000a0cf000        Options.compression[6]: Snappy
2022/08/18-08:49:17.498784 70000a0cf000                  Options.bottommost_compression: Disabled
2022/08/18-08:49:17.498787 70000a0cf000       Options.prefix_extractor: rocksdb.FixedPrefix.8
2022/08/18-08:49:17.498789 70000a0cf000   Options.memtable_insert_with_hint_prefix_extractor: nullptr
2022/08/18-08:49:17.498792 70000a0cf000             Options.num_levels: 7
2022/08/18-08:49:17.498794 70000a0cf000        Options.min_write_buffer_number_to_merge: 2
2022/08/18-08:49:17.498796 70000a0cf000     Options.max_write_buffer_number_to_maintain: 0
2022/08/18-08:49:17.498799 70000a0cf000            Options.bottommost_compression_opts.window_bits: -14
2022/08/18-08:49:17.498801 70000a0cf000                  Options.bottommost_compression_opts.level: 32767
2022/08/18-08:49:17.498803 70000a0cf000               Options.bottommost_compression_opts.strategy: 0
2022/08/18-08:49:17.498805 70000a0cf000         Options.bottommost_compression_opts.max_dict_bytes: 0
2022/08/18-08:49:17.498808 70000a0cf000         Options.bottommost_compression_opts.zstd_max_train_bytes: 0
2022/08/18-08:49:17.498810 70000a0cf000                  Options.bottommost_compression_opts.enabled: false
2022/08/18-08:49:17.498813 70000a0cf000            Options.compression_opts.window_bits: -14
2022/08/18-08:49:17.498815 70000a0cf000                  Options.compression_opts.level: 32767
2022/08/18-08:49:17.498817 70000a0cf000               Options.compression_opts.strategy: 0
2022/08/18-08:49:17.498820 70000a0cf000         Options.compression_opts.max_dict_bytes: 0
2022/08/18-08:49:17.498822 70000a0cf000         Options.compression_opts.zstd_max_train_bytes: 0
2022/08/18-08:49:17.498824 70000a0cf000                  Options.compression_opts.enabled: false
2022/08/18-08:49:17.498826 70000a0cf000      Options.level0_file_num_compaction_trigger: 2
2022/08/18-08:49:17.498829 70000a0cf000          Options.level0_slowdown_writes_trigger: 20
2022/08/18-08:49:17.498831 70000a0cf000              Options.level0_stop_writes_trigger: 40
2022/08/18-08:49:17.498833 70000a0cf000                   Options.target_file_size_base: 67108864
2022/08/18-08:49:17.499128 70000a0cf000             Options.target_file_size_multiplier: 1
2022/08/18-08:49:17.499134 70000a0cf000                Options.max_bytes_for_level_base: 536870912
2022/08/18-08:49:17.499137 70000a0cf000 Options.level_compaction_dynamic_level_bytes: 0
2022/08/18-08:49:17.499139 70000a0cf000          Options.max_bytes_for_level_multiplier: 10.000000
2022/08/18-08:49:17.499143 70000a0cf000 Options.max_bytes_for_level_multiplier_addtl[0]: 1
2022/08/18-08:49:17.499146 70000a0cf000 Options.max_bytes_for_level_multiplier_addtl[1]: 1
2022/08/18-08:49:17.499148 70000a0cf000 Options.max_bytes_for_level_multiplier_addtl[2]: 1
2022/08/18-08:49:17.499151 70000a0cf000 Options.max_bytes_for_level_multiplier_addtl[3]: 1
2022/08/18-08:49:17.499153 70000a0cf000 Options.max_bytes_for_level_multiplier_addtl[4]: 1
2022/08/18-08:49:17.499156 70000a0cf000 Options.max_bytes_for_level_multiplier_addtl[5]: 1
2022/08/18-08:49:17.499158 70000a0cf000 Options.max_bytes_for_level_multiplier_addtl[6]: 1
2022/08/18-08:49:17.499161 70000a0cf000       Options.max_sequential_skip_in_iterations: 8
2022/08/18-08:49:17.499163 70000a0cf000                    Options.max_compaction_bytes: 1677721600
2022/08/18-08:49:17.499166 70000a0cf000                        Options.arena_block_size: 16777216
2022/08/18-08:49:17.499168 70000a0cf000   Options.soft_pending_compaction_bytes_limit: 68719476736
2022/08/18-08:49:17.499170 70000a0cf000   Options.hard_pending_compaction_bytes_limit: 274877906944
2022/08/18-08:49:17.499173 70000a0cf000       Options.rate_limit_delay_max_milliseconds: 100
2022/08/18-08:49:17.499175 70000a0cf000                Options.disable_auto_compactions: 0
2022/08/18-08:49:17.499178 70000a0cf000                        Options.compaction_style: kCompactionStyleLevel
2022/08/18-08:49:17.499181 70000a0cf000                          Options.compaction_pri: kByCompensatedSize
2022/08/18-08:49:17.499183 70000a0cf000 Options.compaction_options_universal.size_ratio: 1
2022/08/18-08:49:17.499185 70000a0cf000 Options.compaction_options_universal.min_merge_width: 2
2022/08/18-08:49:17.499188 70000a0cf000 Options.compaction_options_universal.max_merge_width: 4294967295
2022/08/18-08:49:17.499190 70000a0cf000 Options.compaction_options_universal.max_size_amplification_percent: 200
2022/08/18-08:49:17.499193 70000a0cf000 Options.compaction_options_universal.compression_size_percent: -1
2022/08/18-08:49:17.499197 70000a0cf000 Options.compaction_options_universal.stop_style: kCompactionStopStyleTotalSize
2022/08/18-08:49:17.499199 70000a0cf000 Options.compaction_options_fifo.max_table_files_size: 1073741824
2022/08/18-08:49:17.499202 70000a0cf000 Options.compaction_options_fifo.allow_compaction: 0
2022/08/18-08:49:17.499204 70000a0cf000 Options.compaction_options_fifo.ttl: 0
2022/08/18-08:49:17.499207 70000a0cf000                   Options.table_properties_collectors: 
2022/08/18-08:49:17.499209 70000a0cf000                   Options.inplace_update_support: 0
2022/08/18-08:49:17.499211 70000a0cf000                 Options.inplace_update_num_locks: 10000
2022/08/18-08:49:17.499214 70000a0cf000               Options.memtable_prefix_bloom_size_ratio: 0.125000
2022/08/18-08:49:17.499217 70000a0cf000   Options.memtable_huge_page_size: 0
2022/08/18-08:49:17.499220 70000a0cf000                           Options.bloom_locality: 0
2022/08/18-08:49:17.499222 70000a0cf000                    Options.max_successive_merges: 0
2022/08/18-08:49:17.499224 70000a0cf000                Options.optimize_filters_for_hits: 0
2022/08/18-08:49:17.499227 70000a0cf000                Options.paranoid_file_checks: 0
2022/08/18-08:49:17.499229 70000a0cf000                Options.force_consistency_checks: 1
2022/08/18-08:49:17.499232 70000a0cf000                Options.report_bg_io_stats: 0
2022/08/18-08:49:17.499234 70000a0cf000                               Options.ttl: 0
2022/08/18-08:49:17.529653 70000a0cf000 [/version_set.cc:3724] Recovered from manifest file:/Users/mi/Downloads/RuoYi-Cloud-master/nacos/data/protocol/raft/naming_service_metadata/log/MANIFEST-000011 succeeded,manifest_file_number is 11, next_file_number is 17, last_sequence is 5, log_number is 0,prev_log_number is 0,max_column_family is 1,min_log_number_to_keep is 0
2022/08/18-08:49:17.529775 70000a0cf000 [/version_set.cc:3732] Column family [default] (ID 0), log number is 10
2022/08/18-08:49:17.529781 70000a0cf000 [/version_set.cc:3732] Column family [Configuration] (ID 1), log number is 10
2022/08/18-08:49:17.530179 70000a0cf000 EVENT_LOG_v1 {"time_micros": 1660837757530168, "job": 1, "event": "recovery_started", "log_files": [13]}
2022/08/18-08:49:17.530189 70000a0cf000 [/db_impl_open.cc:578] Recovering log #13 mode 2
2022/08/18-08:49:17.537119 70000a0cf000 EVENT_LOG_v1 {"time_micros": 1660837757537097, "cf_name": "default", "job": 1, "event": "table_file_creation", "file_number": 17, "file_size": 868, "table_properties": {"data_size": 65, "index_size": 49, "filter_size": 0, "raw_key_size": 32, "raw_average_key_size": 32, "raw_value_size": 41, "raw_average_value_size": 41, "num_data_blocks": 1, "num_entries": 1, "filter_policy_name": ""}}
2022/08/18-08:49:17.542876 70000a0cf000 [/version_set.cc:3037] Creating manifest 18
2022/08/18-08:49:17.549208 70000a0cf000 EVENT_LOG_v1 {"time_micros": 1660837757549186, "cf_name": "Configuration", "job": 1, "event": "table_file_creation", "file_number": 19, "file_size": 874, "table_properties": {"data_size": 65, "index_size": 49, "filter_size": 0, "raw_key_size": 32, "raw_average_key_size": 32, "raw_value_size": 41, "raw_average_value_size": 41, "num_data_blocks": 1, "num_entries": 1, "filter_policy_name": ""}}
2022/08/18-08:49:17.556422 70000a0cf000 EVENT_LOG_v1 {"time_micros": 1660837757556407, "job": 1, "event": "recovery_finished"}
2022/08/18-08:49:17.565995 700010e99000 [/compaction_job.cc:1688] [default] [JOB 3] Compacting 2@0 + 1@1 files to L1, score 1.00
2022/08/18-08:49:17.566012 700010e99000 [/compaction_job.cc:1692] [default] Compaction start summary: Base version 4 Base level 0, inputs: [17(868B) 6(801B)], [10(801B)]
2022/08/18-08:49:17.566037 700010e99000 EVENT_LOG_v1 {"time_micros": 1660837757566020, "job": 3, "event": "compaction_started", "compaction_reason": "LevelL0FilesNum", "files_L0": [17, 6], "files_L1": [10], "score": 1, "input_data_size": 2470}
2022/08/18-08:49:17.566117 70000a0cf000 [/db_impl_open.cc:1314] DB pointer 0x7fec6f953c00
2022/08/18-08:49:17.566747 700012b7c000 [WARN] [/db_impl.cc:669] ------- DUMPING STATS -------
2022/08/18-08:49:17.566769 700012b7c000 [WARN] [/db_impl.cc:670] 
** DB Stats **
Uptime(secs): 0.1 total, 0.1 interval
Cumulative writes: 0 writes, 0 keys, 0 commit groups, 0.0 writes per commit group, ingest: 0.00 GB, 0.00 MB/s
Cumulative WAL: 0 writes, 0 syncs, 0.00 writes per sync, written: 0.00 GB, 0.00 MB/s
Cumulative stall: 00:00:0.000 H:M:S, 0.0 percent
Interval writes: 0 writes, 0 keys, 0 commit groups, 0.0 writes per commit group, ingest: 0.00 MB, 0.00 MB/s
Interval WAL: 0 writes, 0 syncs, 0.00 writes per sync, written: 0.00 MB, 0.00 MB/s
Interval stall: 00:00:0.000 H:M:S, 0.0 percent

** Compaction Stats [default] **
Level    Files   Size     Score Read(GB)  Rn(GB) Rnp1(GB) Write(GB) Wnew(GB) Moved(GB) W-Amp Rd(MB/s) Wr(MB/s) Comp(sec) Comp(cnt) Avg(sec) KeyIn KeyDrop
----------------------------------------------------------------------------------------------------------------------------------------------------------
  L0      2/2    1.63 KB   0.0      0.0     0.0      0.0       0.0      0.0       0.0   1.0      0.0      0.2         0         1    0.004       0      0
  L1      1/1    0.78 KB   0.0      0.0     0.0      0.0       0.0      0.0       0.0   0.0      0.0      0.0         0         0    0.000       0      0
 Sum      3/3    2.41 KB   0.0      0.0     0.0      0.0       0.0      0.0       0.0   1.0      0.0      0.2         0         1    0.004       0      0
 Int      0/0    0.00 KB   0.0      0.0     0.0      0.0       0.0      0.0       0.0   1.0      0.0      0.2         0         1    0.004       0      0
Uptime(secs): 0.1 total, 0.1 interval
Flush(GB): cumulative 0.000, interval 0.000
AddFile(GB): cumulative 0.000, interval 0.000
AddFile(Total Files): cumulative 0, interval 0
AddFile(L0 Files): cumulative 0, interval 0
AddFile(Keys): cumulative 0, interval 0
Cumulative compaction: 0.00 GB write, 0.01 MB/s write, 0.00 GB read, 0.00 MB/s read, 0.0 seconds
Interval compaction: 0.00 GB write, 0.01 MB/s write, 0.00 GB read, 0.00 MB/s read, 0.0 seconds
Stalls(count): 0 level0_slowdown, 0 level0_slowdown_with_compaction, 0 level0_numfiles, 0 level0_numfiles_with_compaction, 0 stop for pending_compaction_bytes, 0 slowdown for pending_compaction_bytes, 0 memtable_compaction, 0 memtable_slowdown, interval 0 total count

** File Read Latency Histogram By Level [default] **
** Level 0 read latency histogram (micros):
Count: 13 Average: 147.6154  StdDev: 498.08
Min: 2  Median: 3.4167  Max: 1873
Percentiles: P50: 3.42 P75: 3.96 P99: 1822.00 P99.9: 1873.00 P99.99: 1873.00
------------------------------------------------------
(       1,       2 ]        2  15.385%  15.385% ###
(       2,       3 ]        2  15.385%  30.769% ###
(       3,       4 ]        6  46.154%  76.923% #########
(       4,       6 ]        1   7.692%  84.615% ##
(       6,      10 ]        1   7.692%  92.308% ##
(    1300,    1900 ]        1   7.692% 100.000% ##

** Level 1 read latency histogram (micros):
Count: 6 Average: 328.3333  StdDev: 726.13
Min: 3  Median: 3.3333  Max: 1952
Percentiles: P50: 3.33 P75: 3.83 P99: 1952.00 P99.9: 1952.00 P99.99: 1952.00
------------------------------------------------------
(       2,       3 ]        2  33.333%  33.333% #######
(       3,       4 ]        3  50.000%  83.333% ##########
(    1900,    2900 ]        1  16.667% 100.000% ###


** Compaction Stats [Configuration] **
Level    Files   Size     Score Read(GB)  Rn(GB) Rnp1(GB) Write(GB) Wnew(GB) Moved(GB) W-Amp Rd(MB/s) Wr(MB/s) Comp(sec) Comp(cnt) Avg(sec) KeyIn KeyDrop
----------------------------------------------------------------------------------------------------------------------------------------------------------
  L0      2/0    1.64 KB   1.0      0.0     0.0      0.0       0.0      0.0       0.0   1.0      0.0      0.2         0         1    0.003       0      0
  L1      1/0    0.83 KB   0.0      0.0     0.0      0.0       0.0      0.0       0.0   0.0      0.0      0.0         0         0    0.000       0      0
 Sum      3/0    2.47 KB   0.0      0.0     0.0      0.0       0.0      0.0       0.0   1.0      0.0      0.2         0         1    0.003       0      0
 Int      0/0    0.00 KB   0.0      0.0     0.0      0.0       0.0      0.0       0.0   1.0      0.0      0.2         0         1    0.003       0      0
Uptime(secs): 0.1 total, 0.1 interval
Flush(GB): cumulative 0.000, interval 0.000
AddFile(GB): cumulative 0.000, interval 0.000
AddFile(Total Files): cumulative 0, interval 0
AddFile(L0 Files): cumulative 0, interval 0
AddFile(Keys): cumulative 0, interval 0
Cumulative compaction: 0.00 GB write, 0.01 MB/s write, 0.00 GB read, 0.00 MB/s read, 0.0 seconds
Interval compaction: 0.00 GB write, 0.01 MB/s write, 0.00 GB read, 0.00 MB/s read, 0.0 seconds
Stalls(count): 0 level0_slowdown, 0 level0_slowdown_with_compaction, 0 level0_numfiles, 0 level0_numfiles_with_compaction, 0 stop for pending_compaction_bytes, 0 slowdown for pending_compaction_bytes, 0 memtable_compaction, 0 memtable_slowdown, interval 0 total count

** File Read Latency Histogram By Level [Configuration] **
** Level 0 read latency histogram (micros):
Count: 11 Average: 241.9091  StdDev: 754.23
Min: 2  Median: 3.2500  Max: 2627
Percentiles: P50: 3.25 P75: 4.83 P99: 2627.00 P99.9: 2627.00 P99.99: 2627.00
------------------------------------------------------
(       1,       2 ]        4  36.364%  36.364% #######
(       2,       3 ]        1   9.091%  45.455% ##
(       3,       4 ]        2  18.182%  63.636% ####
(       4,       6 ]        3  27.273%  90.909% #####
(    1900,    2900 ]        1   9.091% 100.000% ##

** Level 1 read latency histogram (micros):
Count: 4 Average: 654.7500  StdDev: 1127.71
Min: 3  Median: 3.0000  Max: 2608
Percentiles: P50: 3.00 P75: 6.00 P99: 2608.00 P99.9: 2608.00 P99.99: 2608.00
------------------------------------------------------
(       2,       3 ]        2  50.000%  50.000% ##########
(       4,       6 ]        1  25.000%  75.000% #####
(    1900,    2900 ]        1  25.000% 100.000% #####


** Compaction Stats [default] **
Level    Files   Size     Score Read(GB)  Rn(GB) Rnp1(GB) Write(GB) Wnew(GB) Moved(GB) W-Amp Rd(MB/s) Wr(MB/s) Comp(sec) Comp(cnt) Avg(sec) KeyIn KeyDrop
----------------------------------------------------------------------------------------------------------------------------------------------------------
  L0      2/2    1.63 KB   0.0      0.0     0.0      0.0       0.0      0.0       0.0   1.0      0.0      0.2         0         1    0.004       0      0
  L1      1/1    0.78 KB   0.0      0.0     0.0      0.0       0.0      0.0       0.0   0.0      0.0      0.0         0         0    0.000       0      0
 Sum      3/3    2.41 KB   0.0      0.0     0.0      0.0       0.0      0.0       0.0   1.0      0.0      0.2         0         1    0.004       0      0
 Int      0/0    0.00 KB   0.0      0.0     0.0      0.0       0.0      0.0       0.0   0.0      0.0      0.0         0         0    0.000       0      0
Uptime(secs): 0.1 total, 0.0 interval
Flush(GB): cumulative 0.000, interval 0.000
AddFile(GB): cumulative 0.000, interval 0.000
AddFile(Total Files): cumulative 0, interval 0
AddFile(L0 Files): cumulative 0, interval 0
AddFile(Keys): cumulative 0, interval 0
Cumulative compaction: 0.00 GB write, 0.01 MB/s write, 0.00 GB read, 0.00 MB/s read, 0.0 seconds
Interval compaction: 0.00 GB write, 0.00 MB/s write, 0.00 GB read, 0.00 MB/s read, 0.0 seconds
Stalls(count): 0 level0_slowdown, 0 level0_slowdown_with_compaction, 0 level0_numfiles, 0 level0_numfiles_with_compaction, 0 stop for pending_compaction_bytes, 0 slowdown for pending_compaction_bytes, 0 memtable_compaction, 0 memtable_slowdown, interval 0 total count

** File Read Latency Histogram By Level [default] **
** Level 0 read latency histogram (micros):
Count: 13 Average: 147.6154  StdDev: 498.08
Min: 2  Median: 3.4167  Max: 1873
Percentiles: P50: 3.42 P75: 3.96 P99: 1822.00 P99.9: 1873.00 P99.99: 1873.00
------------------------------------------------------
(       1,       2 ]        2  15.385%  15.385% ###
(       2,       3 ]        2  15.385%  30.769% ###
(       3,       4 ]        6  46.154%  76.923% #########
(       4,       6 ]        1   7.692%  84.615% ##
(       6,      10 ]        1   7.692%  92.308% ##
(    1300,    1900 ]        1   7.692% 100.000% ##

** Level 1 read latency histogram (micros):
Count: 6 Average: 328.3333  StdDev: 726.13
Min: 3  Median: 3.3333  Max: 1952
Percentiles: P50: 3.33 P75: 3.83 P99: 1952.00 P99.9: 1952.00 P99.99: 1952.00
------------------------------------------------------
(       2,       3 ]        2  33.333%  33.333% #######
(       3,       4 ]        3  50.000%  83.333% ##########
(    1900,    2900 ]        1  16.667% 100.000% ###


** Compaction Stats [Configuration] **
Level    Files   Size     Score Read(GB)  Rn(GB) Rnp1(GB) Write(GB) Wnew(GB) Moved(GB) W-Amp Rd(MB/s) Wr(MB/s) Comp(sec) Comp(cnt) Avg(sec) KeyIn KeyDrop
----------------------------------------------------------------------------------------------------------------------------------------------------------
  L0      2/0    1.64 KB   1.0      0.0     0.0      0.0       0.0      0.0       0.0   1.0      0.0      0.2         0         1    0.003       0      0
  L1      1/0    0.83 KB   0.0      0.0     0.0      0.0       0.0      0.0       0.0   0.0      0.0      0.0         0         0    0.000       0      0
 Sum      3/0    2.47 KB   0.0      0.0     0.0      0.0       0.0      0.0       0.0   1.0      0.0      0.2         0         1    0.003       0      0
 Int      0/0    0.00 KB   0.0      0.0     0.0      0.0       0.0      0.0       0.0   0.0      0.0      0.0         0         0    0.000       0      0
Uptime(secs): 0.1 total, 0.0 interval
Flush(GB): cumulative 0.000, interval 0.000
AddFile(GB): cumulative 0.000, interval 0.000
AddFile(Total Files): cumulative 0, interval 0
AddFile(L0 Files): cumulative 0, interval 0
AddFile(Keys): cumulative 0, interval 0
Cumulative compaction: 0.00 GB write, 0.01 MB/s write, 0.00 GB read, 0.00 MB/s read, 0.0 seconds
Interval compaction: 0.00 GB write, 0.00 MB/s write, 0.00 GB read, 0.00 MB/s read, 0.0 seconds
Stalls(count): 0 level0_slowdown, 0 level0_slowdown_with_compaction, 0 level0_numfiles, 0 level0_numfiles_with_compaction, 0 stop for pending_compaction_bytes, 0 slowdown for pending_compaction_bytes, 0 memtable_compaction, 0 memtable_slowdown, interval 0 total count

** File Read Latency Histogram By Level [Configuration] **
** Level 0 read latency histogram (micros):
Count: 11 Average: 241.9091  StdDev: 754.23
Min: 2  Median: 3.2500  Max: 2627
Percentiles: P50: 3.25 P75: 4.83 P99: 2627.00 P99.9: 2627.00 P99.99: 2627.00
------------------------------------------------------
(       1,       2 ]        4  36.364%  36.364% #######
(       2,       3 ]        1   9.091%  45.455% ##
(       3,       4 ]        2  18.182%  63.636% ####
(       4,       6 ]        3  27.273%  90.909% #####
(    1900,    2900 ]        1   9.091% 100.000% ##

** Level 1 read latency histogram (micros):
Count: 4 Average: 654.7500  StdDev: 1127.71
Min: 3  Median: 3.0000  Max: 2608
Percentiles: P50: 3.00 P75: 6.00 P99: 2608.00 P99.9: 2608.00 P99.99: 2608.00
------------------------------------------------------
(       2,       3 ]        2  50.000%  50.000% ##########
(       4,       6 ]        1  25.000%  75.000% #####
(    1900,    2900 ]        1  25.000% 100.000% #####

2022/08/18-08:49:17.568210 700012b7c000 [WARN] [/db_impl.cc:617] STATISTICS:
 rocksdb.block.cache.miss COUNT : 14
rocksdb.block.cache.hit COUNT : 4
rocksdb.block.cache.add COUNT : 10
rocksdb.block.cache.add.failures COUNT : 0
rocksdb.block.cache.index.miss COUNT : 6
rocksdb.block.cache.index.hit COUNT : 4
rocksdb.block.cache.index.add COUNT : 5
rocksdb.block.cache.index.bytes.insert COUNT : 510
rocksdb.block.cache.index.bytes.evict COUNT : 0
rocksdb.block.cache.filter.miss COUNT : 0
rocksdb.block.cache.filter.hit COUNT : 0
rocksdb.block.cache.filter.add COUNT : 0
rocksdb.block.cache.filter.bytes.insert COUNT : 0
rocksdb.block.cache.filter.bytes.evict COUNT : 0
rocksdb.block.cache.data.miss COUNT : 8
rocksdb.block.cache.data.hit COUNT : 0
rocksdb.block.cache.data.add COUNT : 5
rocksdb.block.cache.data.bytes.insert COUNT : 687
rocksdb.block.cache.bytes.read COUNT : 408
rocksdb.block.cache.bytes.write COUNT : 1197
rocksdb.bloom.filter.useful COUNT : 0
rocksdb.bloom.filter.full.positive COUNT : 0
rocksdb.bloom.filter.full.true.positive COUNT : 0
rocksdb.persistent.cache.hit COUNT : 0
rocksdb.persistent.cache.miss COUNT : 0
rocksdb.sim.block.cache.hit COUNT : 0
rocksdb.sim.block.cache.miss COUNT : 0
rocksdb.memtable.hit COUNT : 0
rocksdb.memtable.miss COUNT : 0
rocksdb.l0.hit COUNT : 0
rocksdb.l1.hit COUNT : 0
rocksdb.l2andup.hit COUNT : 0
rocksdb.compaction.key.drop.new COUNT : 0
rocksdb.compaction.key.drop.obsolete COUNT : 0
