2022/09/04-21:39:35.316715 70000fbda000 RocksDB version: 5.18.4
2022/09/04-21:39:35.316862 70000fbda000 Git sha rocksdb_build_git_sha:b9a4a10659969c71e6f6eab4e4bae8c36ede919f
2022/09/04-21:39:35.316869 70000fbda000 Compile date Mar 11 2020
2022/09/04-21:39:35.316872 70000fbda000 DB SUMMARY
2022/09/04-21:39:35.317101 70000fbda000 CURRENT file:  CURRENT
2022/09/04-21:39:35.317107 70000fbda000 IDENTITY file:  IDENTITY
2022/09/04-21:39:35.317141 70000fbda000 MANIFEST file:  MANIFEST-000066 size: 339 Bytes
2022/09/04-21:39:35.317148 70000fbda000 SST files in /Users/mi/Downloads/RuoYi-Cloud-master/nacos/data/protocol/raft/naming_instance_metadata/log dir, Total Num: 4, files: 000062.sst 000063.sst 000065.sst 000067.sst 
2022/09/04-21:39:35.317153 70000fbda000 Write Ahead Log file in /Users/mi/Downloads/RuoYi-Cloud-master/nacos/data/protocol/raft/naming_instance_metadata/log: 000068.log size: 1067 ; 
2022/09/04-21:39:35.317161 70000fbda000                         Options.error_if_exists: 0
2022/09/04-21:39:35.317163 70000fbda000                       Options.create_if_missing: 1
2022/09/04-21:39:35.317165 70000fbda000                         Options.paranoid_checks: 1
2022/09/04-21:39:35.317167 70000fbda000                                     Options.env: 0x10fbfe308
2022/09/04-21:39:35.317170 70000fbda000                                Options.info_log: 0x60000255bb60
2022/09/04-21:39:35.317172 70000fbda000                Options.max_file_opening_threads: 16
2022/09/04-21:39:35.317174 70000fbda000                              Options.statistics: 0x6000037da370
2022/09/04-21:39:35.317176 70000fbda000                               Options.use_fsync: 0
2022/09/04-21:39:35.317178 70000fbda000                       Options.max_log_file_size: 0
2022/09/04-21:39:35.317180 70000fbda000                  Options.max_manifest_file_size: 1073741824
2022/09/04-21:39:35.317182 70000fbda000                   Options.log_file_time_to_roll: 0
2022/09/04-21:39:35.317184 70000fbda000                       Options.keep_log_file_num: 1000
2022/09/04-21:39:35.317186 70000fbda000                    Options.recycle_log_file_num: 0
2022/09/04-21:39:35.317188 70000fbda000                         Options.allow_fallocate: 1
2022/09/04-21:39:35.317190 70000fbda000                        Options.allow_mmap_reads: 0
2022/09/04-21:39:35.317192 70000fbda000                       Options.allow_mmap_writes: 0
2022/09/04-21:39:35.317194 70000fbda000                        Options.use_direct_reads: 0
2022/09/04-21:39:35.317196 70000fbda000                        Options.use_direct_io_for_flush_and_compaction: 0
2022/09/04-21:39:35.317198 70000fbda000          Options.create_missing_column_families: 1
2022/09/04-21:39:35.317200 70000fbda000                              Options.db_log_dir: 
2022/09/04-21:39:35.317202 70000fbda000                                 Options.wal_dir: /Users/mi/Downloads/RuoYi-Cloud-master/nacos/data/protocol/raft/naming_instance_metadata/log
2022/09/04-21:39:35.317204 70000fbda000                Options.table_cache_numshardbits: 6
2022/09/04-21:39:35.317207 70000fbda000                      Options.max_subcompactions: 1
2022/09/04-21:39:35.317210 70000fbda000                  Options.max_background_flushes: 1
2022/09/04-21:39:35.317213 70000fbda000                         Options.WAL_ttl_seconds: 0
2022/09/04-21:39:35.317217 70000fbda000                       Options.WAL_size_limit_MB: 0
2022/09/04-21:39:35.317220 70000fbda000             Options.manifest_preallocation_size: 4194304
2022/09/04-21:39:35.317224 70000fbda000                     Options.is_fd_close_on_exec: 1
2022/09/04-21:39:35.317227 70000fbda000                   Options.advise_random_on_open: 1
2022/09/04-21:39:35.317231 70000fbda000                    Options.db_write_buffer_size: 0
2022/09/04-21:39:35.317234 70000fbda000                    Options.write_buffer_manager: 0x600000b7ff30
2022/09/04-21:39:35.317236 70000fbda000         Options.access_hint_on_compaction_start: 1
2022/09/04-21:39:35.317238 70000fbda000  Options.new_table_reader_for_compaction_inputs: 0
2022/09/04-21:39:35.317240 70000fbda000           Options.random_access_max_buffer_size: 1048576
2022/09/04-21:39:35.317338 70000fbda000                      Options.use_adaptive_mutex: 0
2022/09/04-21:39:35.317342 70000fbda000                            Options.rate_limiter: 0x0
2022/09/04-21:39:35.317345 70000fbda000     Options.sst_file_manager.rate_bytes_per_sec: 0
2022/09/04-21:39:35.317347 70000fbda000                       Options.wal_recovery_mode: 2
2022/09/04-21:39:35.317349 70000fbda000                  Options.enable_thread_tracking: 0
2022/09/04-21:39:35.317351 70000fbda000                  Options.enable_pipelined_write: 0
2022/09/04-21:39:35.317353 70000fbda000         Options.allow_concurrent_memtable_write: 1
2022/09/04-21:39:35.317354 70000fbda000      Options.enable_write_thread_adaptive_yield: 1
2022/09/04-21:39:35.317356 70000fbda000             Options.write_thread_max_yield_usec: 100
2022/09/04-21:39:35.317359 70000fbda000            Options.write_thread_slow_yield_usec: 3
2022/09/04-21:39:35.317361 70000fbda000                               Options.row_cache: None
2022/09/04-21:39:35.317363 70000fbda000                              Options.wal_filter: None
2022/09/04-21:39:35.317365 70000fbda000             Options.avoid_flush_during_recovery: 0
2022/09/04-21:39:35.317367 70000fbda000             Options.allow_ingest_behind: 0
2022/09/04-21:39:35.317369 70000fbda000             Options.preserve_deletes: 0
2022/09/04-21:39:35.317371 70000fbda000             Options.two_write_queues: 0
2022/09/04-21:39:35.317372 70000fbda000             Options.manual_wal_flush: 0
2022/09/04-21:39:35.317374 70000fbda000             Options.max_background_jobs: 2
2022/09/04-21:39:35.317376 70000fbda000             Options.max_background_compactions: 4
2022/09/04-21:39:35.317378 70000fbda000             Options.avoid_flush_during_shutdown: 0
2022/09/04-21:39:35.317380 70000fbda000           Options.writable_file_max_buffer_size: 1048576
2022/09/04-21:39:35.317382 70000fbda000             Options.delayed_write_rate : 16777216
2022/09/04-21:39:35.317384 70000fbda000             Options.max_total_wal_size: 0
2022/09/04-21:39:35.317386 70000fbda000             Options.delete_obsolete_files_period_micros: 21600000000
2022/09/04-21:39:35.317388 70000fbda000                   Options.stats_dump_period_sec: 600
2022/09/04-21:39:35.317390 70000fbda000                          Options.max_open_files: -1
2022/09/04-21:39:35.317392 70000fbda000                          Options.bytes_per_sync: 0
2022/09/04-21:39:35.317394 70000fbda000                      Options.wal_bytes_per_sync: 0
2022/09/04-21:39:35.317396 70000fbda000       Options.compaction_readahead_size: 0
2022/09/04-21:39:35.317398 70000fbda000 Compression algorithms supported:
2022/09/04-21:39:35.317401 70000fbda000 	kZSTD supported: 1
2022/09/04-21:39:35.317403 70000fbda000 	kZlibCompression supported: 1
2022/09/04-21:39:35.317406 70000fbda000 	kXpressCompression supported: 0
2022/09/04-21:39:35.317408 70000fbda000 	kSnappyCompression supported: 1
2022/09/04-21:39:35.317410 70000fbda000 	kZSTDNotFinalCompression supported: 1
2022/09/04-21:39:35.317412 70000fbda000 	kLZ4HCCompression supported: 1
2022/09/04-21:39:35.317414 70000fbda000 	kLZ4Compression supported: 1
2022/09/04-21:39:35.317416 70000fbda000 	kBZip2Compression supported: 1
2022/09/04-21:39:35.317418 70000fbda000 Fast CRC32 supported: Not supported on x86
2022/09/04-21:39:35.318468 70000fbda000 [/version_set.cc:3508] Recovering from manifest file: MANIFEST-000066
2022/09/04-21:39:35.318613 70000fbda000 [/column_family.cc:474] --------------- Options for column family [default]:
2022/09/04-21:39:35.318619 70000fbda000               Options.comparator: leveldb.BytewiseComparator
2022/09/04-21:39:35.318623 70000fbda000           Options.merge_operator: StringAppendOperator
2022/09/04-21:39:35.318625 70000fbda000        Options.compaction_filter: None
2022/09/04-21:39:35.318627 70000fbda000        Options.compaction_filter_factory: None
2022/09/04-21:39:35.318629 70000fbda000         Options.memtable_factory: SkipListFactory
2022/09/04-21:39:35.318632 70000fbda000            Options.table_factory: BlockBasedTable
2022/09/04-21:39:35.318790 70000fbda000            table_factory options:   flush_block_policy_factory: FlushBlockBySizePolicyFactory (0x6000046fe2a0)
  cache_index_and_filter_blocks: 0
  cache_index_and_filter_blocks_with_high_priority: 1
  pin_l0_filter_and_index_blocks_in_cache: 1
  pin_top_level_index_and_filter: 1
  index_type: 2
  hash_index_allow_collision: 1
  checksum: 1
  no_block_cache: 0
  block_cache: 0x6000034f1af8
  block_cache_name: LRUCache
  block_cache_options:
    capacity : 536870912
    num_shard_bits : 8
    strict_capacity_limit : 0
    memory_allocator : None
    high_pri_pool_ratio: 0.000
  block_cache_compressed: 0x0
  persistent_cache: 0x0
  block_size: 4096
  block_size_deviation: 10
  block_restart_interval: 16
  index_block_restart_interval: 1
  metadata_block_size: 8192
  partition_filters: 1
  use_delta_encoding: 1
  filter_policy: nullptr
  whole_key_filtering: 1
  verify_compression: 0
  read_amp_bytes_per_bit: 0
  format_version: 0
  enable_index_compression: 1
  block_align: 0
2022/09/04-21:39:35.318798 70000fbda000        Options.write_buffer_size: 134217728
2022/09/04-21:39:35.318801 70000fbda000  Options.max_write_buffer_number: 6
2022/09/04-21:39:35.318803 70000fbda000        Options.compression[0]: NoCompression
2022/09/04-21:39:35.318805 70000fbda000        Options.compression[1]: NoCompression
2022/09/04-21:39:35.318807 70000fbda000        Options.compression[2]: Snappy
2022/09/04-21:39:35.318809 70000fbda000        Options.compression[3]: Snappy
2022/09/04-21:39:35.318811 70000fbda000        Options.compression[4]: Snappy
2022/09/04-21:39:35.318813 70000fbda000        Options.compression[5]: Snappy
2022/09/04-21:39:35.318815 70000fbda000        Options.compression[6]: Snappy
2022/09/04-21:39:35.318817 70000fbda000                  Options.bottommost_compression: Disabled
2022/09/04-21:39:35.318820 70000fbda000       Options.prefix_extractor: rocksdb.FixedPrefix.8
2022/09/04-21:39:35.318824 70000fbda000   Options.memtable_insert_with_hint_prefix_extractor: nullptr
2022/09/04-21:39:35.318827 70000fbda000             Options.num_levels: 7
2022/09/04-21:39:35.318830 70000fbda000        Options.min_write_buffer_number_to_merge: 2
2022/09/04-21:39:35.318834 70000fbda000     Options.max_write_buffer_number_to_maintain: 0
2022/09/04-21:39:35.318837 70000fbda000            Options.bottommost_compression_opts.window_bits: -14
2022/09/04-21:39:35.318841 70000fbda000                  Options.bottommost_compression_opts.level: 32767
2022/09/04-21:39:35.318844 70000fbda000               Options.bottommost_compression_opts.strategy: 0
2022/09/04-21:39:35.318848 70000fbda000         Options.bottommost_compression_opts.max_dict_bytes: 0
2022/09/04-21:39:35.318851 70000fbda000         Options.bottommost_compression_opts.zstd_max_train_bytes: 0
2022/09/04-21:39:35.318854 70000fbda000                  Options.bottommost_compression_opts.enabled: false
2022/09/04-21:39:35.318858 70000fbda000            Options.compression_opts.window_bits: -14
2022/09/04-21:39:35.318861 70000fbda000                  Options.compression_opts.level: 32767
2022/09/04-21:39:35.318864 70000fbda000               Options.compression_opts.strategy: 0
2022/09/04-21:39:35.318868 70000fbda000         Options.compression_opts.max_dict_bytes: 0
2022/09/04-21:39:35.318871 70000fbda000         Options.compression_opts.zstd_max_train_bytes: 0
2022/09/04-21:39:35.318874 70000fbda000                  Options.compression_opts.enabled: false
2022/09/04-21:39:35.318878 70000fbda000      Options.level0_file_num_compaction_trigger: 2
2022/09/04-21:39:35.318881 70000fbda000          Options.level0_slowdown_writes_trigger: 20
2022/09/04-21:39:35.318885 70000fbda000              Options.level0_stop_writes_trigger: 40
2022/09/04-21:39:35.318888 70000fbda000                   Options.target_file_size_base: 67108864
2022/09/04-21:39:35.318892 70000fbda000             Options.target_file_size_multiplier: 1
2022/09/04-21:39:35.318895 70000fbda000                Options.max_bytes_for_level_base: 536870912
2022/09/04-21:39:35.318898 70000fbda000 Options.level_compaction_dynamic_level_bytes: 0
2022/09/04-21:39:35.319009 70000fbda000          Options.max_bytes_for_level_multiplier: 10.000000
2022/09/04-21:39:35.319018 70000fbda000 Options.max_bytes_for_level_multiplier_addtl[0]: 1
2022/09/04-21:39:35.319022 70000fbda000 Options.max_bytes_for_level_multiplier_addtl[1]: 1
2022/09/04-21:39:35.319026 70000fbda000 Options.max_bytes_for_level_multiplier_addtl[2]: 1
2022/09/04-21:39:35.319029 70000fbda000 Options.max_bytes_for_level_multiplier_addtl[3]: 1
2022/09/04-21:39:35.319032 70000fbda000 Options.max_bytes_for_level_multiplier_addtl[4]: 1
2022/09/04-21:39:35.319036 70000fbda000 Options.max_bytes_for_level_multiplier_addtl[5]: 1
2022/09/04-21:39:35.319040 70000fbda000 Options.max_bytes_for_level_multiplier_addtl[6]: 1
2022/09/04-21:39:35.319043 70000fbda000       Options.max_sequential_skip_in_iterations: 8
2022/09/04-21:39:35.319047 70000fbda000                    Options.max_compaction_bytes: 1677721600
2022/09/04-21:39:35.319051 70000fbda000                        Options.arena_block_size: 16777216
2022/09/04-21:39:35.319054 70000fbda000   Options.soft_pending_compaction_bytes_limit: 68719476736
2022/09/04-21:39:35.319058 70000fbda000   Options.hard_pending_compaction_bytes_limit: 274877906944
2022/09/04-21:39:35.319061 70000fbda000       Options.rate_limit_delay_max_milliseconds: 100
2022/09/04-21:39:35.319065 70000fbda000                Options.disable_auto_compactions: 0
2022/09/04-21:39:35.319069 70000fbda000                        Options.compaction_style: kCompactionStyleLevel
2022/09/04-21:39:35.319073 70000fbda000                          Options.compaction_pri: kByCompensatedSize
2022/09/04-21:39:35.319076 70000fbda000 Options.compaction_options_universal.size_ratio: 1
2022/09/04-21:39:35.319080 70000fbda000 Options.compaction_options_universal.min_merge_width: 2
2022/09/04-21:39:35.319083 70000fbda000 Options.compaction_options_universal.max_merge_width: 4294967295
2022/09/04-21:39:35.319087 70000fbda000 Options.compaction_options_universal.max_size_amplification_percent: 200
2022/09/04-21:39:35.319091 70000fbda000 Options.compaction_options_universal.compression_size_percent: -1
2022/09/04-21:39:35.319096 70000fbda000 Options.compaction_options_universal.stop_style: kCompactionStopStyleTotalSize
2022/09/04-21:39:35.319100 70000fbda000 Options.compaction_options_fifo.max_table_files_size: 1073741824
2022/09/04-21:39:35.319103 70000fbda000 Options.compaction_options_fifo.allow_compaction: 0
2022/09/04-21:39:35.319107 70000fbda000 Options.compaction_options_fifo.ttl: 0
2022/09/04-21:39:35.319110 70000fbda000                   Options.table_properties_collectors: 
2022/09/04-21:39:35.319114 70000fbda000                   Options.inplace_update_support: 0
2022/09/04-21:39:35.319117 70000fbda000                 Options.inplace_update_num_locks: 10000
2022/09/04-21:39:35.319121 70000fbda000               Options.memtable_prefix_bloom_size_ratio: 0.125000
2022/09/04-21:39:35.319126 70000fbda000   Options.memtable_huge_page_size: 0
2022/09/04-21:39:35.319129 70000fbda000                           Options.bloom_locality: 0
2022/09/04-21:39:35.319133 70000fbda000                    Options.max_successive_merges: 0
2022/09/04-21:39:35.319137 70000fbda000                Options.optimize_filters_for_hits: 0
2022/09/04-21:39:35.319141 70000fbda000                Options.paranoid_file_checks: 0
2022/09/04-21:39:35.319144 70000fbda000                Options.force_consistency_checks: 1
2022/09/04-21:39:35.319148 70000fbda000                Options.report_bg_io_stats: 0
2022/09/04-21:39:35.319152 70000fbda000                               Options.ttl: 0
2022/09/04-21:39:35.333885 70000fbda000 [/column_family.cc:474] --------------- Options for column family [Configuration]:
2022/09/04-21:39:35.333898 70000fbda000               Options.comparator: leveldb.BytewiseComparator
2022/09/04-21:39:35.333902 70000fbda000           Options.merge_operator: StringAppendOperator
2022/09/04-21:39:35.333905 70000fbda000        Options.compaction_filter: None
2022/09/04-21:39:35.334021 70000fbda000        Options.compaction_filter_factory: None
2022/09/04-21:39:35.334026 70000fbda000         Options.memtable_factory: SkipListFactory
2022/09/04-21:39:35.334029 70000fbda000            Options.table_factory: BlockBasedTable
2022/09/04-21:39:35.334058 70000fbda000            table_factory options:   flush_block_policy_factory: FlushBlockBySizePolicyFactory (0x6000046fe2a0)
  cache_index_and_filter_blocks: 0
  cache_index_and_filter_blocks_with_high_priority: 1
  pin_l0_filter_and_index_blocks_in_cache: 1
  pin_top_level_index_and_filter: 1
  index_type: 2
  hash_index_allow_collision: 1
  checksum: 1
  no_block_cache: 0
  block_cache: 0x6000034f1af8
  block_cache_name: LRUCache
  block_cache_options:
    capacity : 536870912
    num_shard_bits : 8
    strict_capacity_limit : 0
    memory_allocator : None
    high_pri_pool_ratio: 0.000
  block_cache_compressed: 0x0
  persistent_cache: 0x0
  block_size: 4096
  block_size_deviation: 10
  block_restart_interval: 16
  index_block_restart_interval: 1
  metadata_block_size: 8192
  partition_filters: 1
  use_delta_encoding: 1
  filter_policy: nullptr
  whole_key_filtering: 1
  verify_compression: 0
  read_amp_bytes_per_bit: 0
  format_version: 0
  enable_index_compression: 1
  block_align: 0
2022/09/04-21:39:35.334067 70000fbda000        Options.write_buffer_size: 134217728
2022/09/04-21:39:35.334069 70000fbda000  Options.max_write_buffer_number: 6
2022/09/04-21:39:35.334071 70000fbda000        Options.compression[0]: NoCompression
2022/09/04-21:39:35.334073 70000fbda000        Options.compression[1]: NoCompression
2022/09/04-21:39:35.334075 70000fbda000        Options.compression[2]: Snappy
2022/09/04-21:39:35.334078 70000fbda000        Options.compression[3]: Snappy
2022/09/04-21:39:35.334080 70000fbda000        Options.compression[4]: Snappy
2022/09/04-21:39:35.334082 70000fbda000        Options.compression[5]: Snappy
2022/09/04-21:39:35.334084 70000fbda000        Options.compression[6]: Snappy
2022/09/04-21:39:35.334086 70000fbda000                  Options.bottommost_compression: Disabled
2022/09/04-21:39:35.334089 70000fbda000       Options.prefix_extractor: rocksdb.FixedPrefix.8
2022/09/04-21:39:35.334091 70000fbda000   Options.memtable_insert_with_hint_prefix_extractor: nullptr
2022/09/04-21:39:35.334093 70000fbda000             Options.num_levels: 7
2022/09/04-21:39:35.334094 70000fbda000        Options.min_write_buffer_number_to_merge: 2
2022/09/04-21:39:35.334096 70000fbda000     Options.max_write_buffer_number_to_maintain: 0
2022/09/04-21:39:35.334098 70000fbda000            Options.bottommost_compression_opts.window_bits: -14
2022/09/04-21:39:35.334100 70000fbda000                  Options.bottommost_compression_opts.level: 32767
2022/09/04-21:39:35.334103 70000fbda000               Options.bottommost_compression_opts.strategy: 0
2022/09/04-21:39:35.334105 70000fbda000         Options.bottommost_compression_opts.max_dict_bytes: 0
2022/09/04-21:39:35.334107 70000fbda000         Options.bottommost_compression_opts.zstd_max_train_bytes: 0
2022/09/04-21:39:35.334109 70000fbda000                  Options.bottommost_compression_opts.enabled: false
2022/09/04-21:39:35.334111 70000fbda000            Options.compression_opts.window_bits: -14
2022/09/04-21:39:35.334114 70000fbda000                  Options.compression_opts.level: 32767
2022/09/04-21:39:35.334116 70000fbda000               Options.compression_opts.strategy: 0
2022/09/04-21:39:35.334118 70000fbda000         Options.compression_opts.max_dict_bytes: 0
2022/09/04-21:39:35.334120 70000fbda000         Options.compression_opts.zstd_max_train_bytes: 0
2022/09/04-21:39:35.334123 70000fbda000                  Options.compression_opts.enabled: false
2022/09/04-21:39:35.334125 70000fbda000      Options.level0_file_num_compaction_trigger: 2
2022/09/04-21:39:35.334126 70000fbda000          Options.level0_slowdown_writes_trigger: 20
2022/09/04-21:39:35.334128 70000fbda000              Options.level0_stop_writes_trigger: 40
2022/09/04-21:39:35.334131 70000fbda000                   Options.target_file_size_base: 67108864
2022/09/04-21:39:35.334209 70000fbda000             Options.target_file_size_multiplier: 1
2022/09/04-21:39:35.334213 70000fbda000                Options.max_bytes_for_level_base: 536870912
2022/09/04-21:39:35.334215 70000fbda000 Options.level_compaction_dynamic_level_bytes: 0
2022/09/04-21:39:35.334217 70000fbda000          Options.max_bytes_for_level_multiplier: 10.000000
2022/09/04-21:39:35.334221 70000fbda000 Options.max_bytes_for_level_multiplier_addtl[0]: 1
2022/09/04-21:39:35.334223 70000fbda000 Options.max_bytes_for_level_multiplier_addtl[1]: 1
2022/09/04-21:39:35.334226 70000fbda000 Options.max_bytes_for_level_multiplier_addtl[2]: 1
2022/09/04-21:39:35.334228 70000fbda000 Options.max_bytes_for_level_multiplier_addtl[3]: 1
2022/09/04-21:39:35.334231 70000fbda000 Options.max_bytes_for_level_multiplier_addtl[4]: 1
2022/09/04-21:39:35.334233 70000fbda000 Options.max_bytes_for_level_multiplier_addtl[5]: 1
2022/09/04-21:39:35.334235 70000fbda000 Options.max_bytes_for_level_multiplier_addtl[6]: 1
2022/09/04-21:39:35.334237 70000fbda000       Options.max_sequential_skip_in_iterations: 8
2022/09/04-21:39:35.334239 70000fbda000                    Options.max_compaction_bytes: 1677721600
2022/09/04-21:39:35.334242 70000fbda000                        Options.arena_block_size: 16777216
2022/09/04-21:39:35.334244 70000fbda000   Options.soft_pending_compaction_bytes_limit: 68719476736
2022/09/04-21:39:35.334246 70000fbda000   Options.hard_pending_compaction_bytes_limit: 274877906944
2022/09/04-21:39:35.334248 70000fbda000       Options.rate_limit_delay_max_milliseconds: 100
2022/09/04-21:39:35.334250 70000fbda000                Options.disable_auto_compactions: 0
2022/09/04-21:39:35.334253 70000fbda000                        Options.compaction_style: kCompactionStyleLevel
2022/09/04-21:39:35.334255 70000fbda000                          Options.compaction_pri: kByCompensatedSize
2022/09/04-21:39:35.334257 70000fbda000 Options.compaction_options_universal.size_ratio: 1
2022/09/04-21:39:35.334259 70000fbda000 Options.compaction_options_universal.min_merge_width: 2
2022/09/04-21:39:35.334262 70000fbda000 Options.compaction_options_universal.max_merge_width: 4294967295
2022/09/04-21:39:35.334264 70000fbda000 Options.compaction_options_universal.max_size_amplification_percent: 200
2022/09/04-21:39:35.334266 70000fbda000 Options.compaction_options_universal.compression_size_percent: -1
2022/09/04-21:39:35.334270 70000fbda000 Options.compaction_options_universal.stop_style: kCompactionStopStyleTotalSize
2022/09/04-21:39:35.334272 70000fbda000 Options.compaction_options_fifo.max_table_files_size: 1073741824
2022/09/04-21:39:35.334274 70000fbda000 Options.compaction_options_fifo.allow_compaction: 0
2022/09/04-21:39:35.334276 70000fbda000 Options.compaction_options_fifo.ttl: 0
2022/09/04-21:39:35.334278 70000fbda000                   Options.table_properties_collectors: 
2022/09/04-21:39:35.334280 70000fbda000                   Options.inplace_update_support: 0
2022/09/04-21:39:35.334282 70000fbda000                 Options.inplace_update_num_locks: 10000
2022/09/04-21:39:35.334284 70000fbda000               Options.memtable_prefix_bloom_size_ratio: 0.125000
2022/09/04-21:39:35.334287 70000fbda000   Options.memtable_huge_page_size: 0
2022/09/04-21:39:35.334289 70000fbda000                           Options.bloom_locality: 0
2022/09/04-21:39:35.334290 70000fbda000                    Options.max_successive_merges: 0
2022/09/04-21:39:35.334292 70000fbda000                Options.optimize_filters_for_hits: 0
2022/09/04-21:39:35.334294 70000fbda000                Options.paranoid_file_checks: 0
2022/09/04-21:39:35.334297 70000fbda000                Options.force_consistency_checks: 1
2022/09/04-21:39:35.334299 70000fbda000                Options.report_bg_io_stats: 0
2022/09/04-21:39:35.334301 70000fbda000                               Options.ttl: 0
2022/09/04-21:39:35.351234 70000fbda000 [/version_set.cc:3724] Recovered from manifest file:/Users/mi/Downloads/RuoYi-Cloud-master/nacos/data/protocol/raft/naming_instance_metadata/log/MANIFEST-000066 succeeded,manifest_file_number is 66, next_file_number is 69, last_sequence is 382, log_number is 0,prev_log_number is 0,max_column_family is 1,min_log_number_to_keep is 0
2022/09/04-21:39:35.351376 70000fbda000 [/version_set.cc:3732] Column family [default] (ID 0), log number is 60
2022/09/04-21:39:35.351382 70000fbda000 [/version_set.cc:3732] Column family [Configuration] (ID 1), log number is 60
2022/09/04-21:39:35.351769 70000fbda000 EVENT_LOG_v1 {"time_micros": 1662352775351759, "job": 1, "event": "recovery_started", "log_files": [68]}
2022/09/04-21:39:35.351777 70000fbda000 [/db_impl_open.cc:578] Recovering log #68 mode 2
2022/09/04-21:39:35.358312 70000fbda000 EVENT_LOG_v1 {"time_micros": 1662352775358285, "cf_name": "default", "job": 1, "event": "table_file_creation", "file_number": 69, "file_size": 754, "table_properties": {"data_size": 0, "index_size": 13, "filter_size": 0, "raw_key_size": 32, "raw_average_key_size": 0, "raw_value_size": 16, "raw_average_value_size": 0, "num_data_blocks": 0, "num_entries": 0, "filter_policy_name": ""}}
2022/09/04-21:39:35.365014 70000fbda000 [/version_set.cc:3037] Creating manifest 70
2022/09/04-21:39:35.370455 70000fbda000 EVENT_LOG_v1 {"time_micros": 1662352775370432, "cf_name": "Configuration", "job": 1, "event": "table_file_creation", "file_number": 71, "file_size": 890, "table_properties": {"data_size": 50, "index_size": 49, "filter_size": 0, "raw_key_size": 58, "raw_average_key_size": 58, "raw_value_size": 24, "raw_average_value_size": 24, "num_data_blocks": 1, "num_entries": 1, "filter_policy_name": ""}}
2022/09/04-21:39:35.375195 70000fbda000 EVENT_LOG_v1 {"time_micros": 1662352775375183, "job": 1, "event": "recovery_finished"}
2022/09/04-21:39:35.382783 7000104f8000 [/compaction_job.cc:1688] [default] [JOB 3] Compacting 2@0 + 1@1 files to L1, score 1.00
2022/09/04-21:39:35.382797 7000104f8000 [/compaction_job.cc:1692] [default] Compaction start summary: Base version 4 Base level 0, inputs: [69(754B) 65(754B)], [62(801B)]
2022/09/04-21:39:35.382816 7000104f8000 EVENT_LOG_v1 {"time_micros": 1662352775382804, "job": 3, "event": "compaction_started", "compaction_reason": "LevelL0FilesNum", "files_L0": [69, 65], "files_L1": [62], "score": 1, "input_data_size": 2309}
2022/09/04-21:39:35.383032 70000fbda000 [/db_impl_open.cc:1314] DB pointer 0x7fecd623ee00
2022/09/04-21:39:35.383584 7000179dd000 [WARN] [/db_impl.cc:669] ------- DUMPING STATS -------
2022/09/04-21:39:35.383594 7000179dd000 [WARN] [/db_impl.cc:670] 
** DB Stats **
Uptime(secs): 0.1 total, 0.1 interval
Cumulative writes: 0 writes, 0 keys, 0 commit groups, 0.0 writes per commit group, ingest: 0.00 GB, 0.00 MB/s
Cumulative WAL: 0 writes, 0 syncs, 0.00 writes per sync, written: 0.00 GB, 0.00 MB/s
Cumulative stall: 00:00:0.000 H:M:S, 0.0 percent
Interval writes: 0 writes, 0 keys, 0 commit groups, 0.0 writes per commit group, ingest: 0.00 MB, 0.00 MB/s
Interval WAL: 0 writes, 0 syncs, 0.00 writes per sync, written: 0.00 MB, 0.00 MB/s
Interval stall: 00:00:0.000 H:M:S, 0.0 percent

** Compaction Stats [default] **
Level    Files   Size     Score Read(GB)  Rn(GB) Rnp1(GB) Write(GB) Wnew(GB) Moved(GB) W-Amp Rd(MB/s) Wr(MB/s) Comp(sec) Comp(cnt) Avg(sec) KeyIn KeyDrop
----------------------------------------------------------------------------------------------------------------------------------------------------------
  L0      2/2    1.47 KB   0.0      0.0     0.0      0.0       0.0      0.0       0.0   1.0      0.0      0.2         0         1    0.004       0      0
  L1      1/1    0.78 KB   0.0      0.0     0.0      0.0       0.0      0.0       0.0   0.0      0.0      0.0         0         0    0.000       0      0
 Sum      3/3    2.25 KB   0.0      0.0     0.0      0.0       0.0      0.0       0.0   1.0      0.0      0.2         0         1    0.004       0      0
 Int      0/0    0.00 KB   0.0      0.0     0.0      0.0       0.0      0.0       0.0   1.0      0.0      0.2         0         1    0.004       0      0
Uptime(secs): 0.1 total, 0.1 interval
Flush(GB): cumulative 0.000, interval 0.000
AddFile(GB): cumulative 0.000, interval 0.000
AddFile(Total Files): cumulative 0, interval 0
AddFile(L0 Files): cumulative 0, interval 0
AddFile(Keys): cumulative 0, interval 0
Cumulative compaction: 0.00 GB write, 0.01 MB/s write, 0.00 GB read, 0.00 MB/s read, 0.0 seconds
Interval compaction: 0.00 GB write, 0.01 MB/s write, 0.00 GB read, 0.00 MB/s read, 0.0 seconds
Stalls(count): 0 level0_slowdown, 0 level0_slowdown_with_compaction, 0 level0_numfiles, 0 level0_numfiles_with_compaction, 0 stop for pending_compaction_bytes, 0 slowdown for pending_compaction_bytes, 0 memtable_compaction, 0 memtable_slowdown, interval 0 total count

** File Read Latency Histogram By Level [default] **
** Level 0 read latency histogram (micros):
Count: 10 Average: 220.6000  StdDev: 649.80
Min: 2  Median: 3.0000  Max: 2170
Percentiles: P50: 3.00 P75: 7.00 P99: 2170.00 P99.9: 2170.00 P99.99: 2170.00
------------------------------------------------------
(       1,       2 ]        3  30.000%  30.000% ######
(       2,       3 ]        2  20.000%  50.000% ####
(       3,       4 ]        1  10.000%  60.000% ##
(       4,       6 ]        1  10.000%  70.000% ##
(       6,      10 ]        2  20.000%  90.000% ####
(    1900,    2900 ]        1  10.000% 100.000% ##

** Level 1 read latency histogram (micros):
Count: 6 Average: 368.1667  StdDev: 812.51
Min: 3  Median: 4.0000  Max: 2185
Percentiles: P50: 4.00 P75: 8.00 P99: 2185.00 P99.9: 2185.00 P99.99: 2185.00
------------------------------------------------------
(       2,       3 ]        1  16.667%  16.667% ###
(       3,       4 ]        2  33.333%  50.000% #######
(       4,       6 ]        1  16.667%  66.667% ###
(       6,      10 ]        1  16.667%  83.333% ###
(    1900,    2900 ]        1  16.667% 100.000% ###


** Compaction Stats [Configuration] **
Level    Files   Size     Score Read(GB)  Rn(GB) Rnp1(GB) Write(GB) Wnew(GB) Moved(GB) W-Amp Rd(MB/s) Wr(MB/s) Comp(sec) Comp(cnt) Avg(sec) KeyIn KeyDrop
----------------------------------------------------------------------------------------------------------------------------------------------------------
  L0      2/0    1.74 KB   1.0      0.0     0.0      0.0       0.0      0.0       0.0   1.0      0.0      0.2         0         1    0.004       0      0
  L1      1/0    0.83 KB   0.0      0.0     0.0      0.0       0.0      0.0       0.0   0.0      0.0      0.0         0         0    0.000       0      0
 Sum      3/0    2.56 KB   0.0      0.0     0.0      0.0       0.0      0.0       0.0   1.0      0.0      0.2         0         1    0.004       0      0
 Int      0/0    0.00 KB   0.0      0.0     0.0      0.0       0.0      0.0       0.0   1.0      0.0      0.2         0         1    0.004       0      0
Uptime(secs): 0.0 total, 0.0 interval
Flush(GB): cumulative 0.000, interval 0.000
AddFile(GB): cumulative 0.000, interval 0.000
AddFile(Total Files): cumulative 0, interval 0
AddFile(L0 Files): cumulative 0, interval 0
AddFile(Keys): cumulative 0, interval 0
Cumulative compaction: 0.00 GB write, 0.02 MB/s write, 0.00 GB read, 0.00 MB/s read, 0.0 seconds
Interval compaction: 0.00 GB write, 0.02 MB/s write, 0.00 GB read, 0.00 MB/s read, 0.0 seconds
Stalls(count): 0 level0_slowdown, 0 level0_slowdown_with_compaction, 0 level0_numfiles, 0 level0_numfiles_with_compaction, 0 stop for pending_compaction_bytes, 0 slowdown for pending_compaction_bytes, 0 memtable_compaction, 0 memtable_slowdown, interval 0 total count

** File Read Latency Histogram By Level [Configuration] **
** Level 0 read latency histogram (micros):
Count: 12 Average: 251.6667  StdDev: 815.39
Min: 2  Median: 6.0000  Max: 2956
Percentiles: P50: 6.00 P75: 9.00 P99: 2956.00 P99.9: 2956.00 P99.99: 2956.00
------------------------------------------------------
(       1,       2 ]        2  16.667%  16.667% ###
(       2,       3 ]        1   8.333%  25.000% ##
(       3,       4 ]        2  16.667%  41.667% ###
(       4,       6 ]        1   8.333%  50.000% ##
(       6,      10 ]        4  33.333%  83.333% #######
(      10,      15 ]        1   8.333%  91.667% ##
(    2900,    4400 ]        1   8.333% 100.000% ##

** Level 1 read latency histogram (micros):
Count: 4 Average: 745.0000  StdDev: 1279.99
Min: 4  Median: 6.0000  Max: 2962
Percentiles: P50: 6.00 P75: 10.00 P99: 2962.00 P99.9: 2962.00 P99.99: 2962.00
------------------------------------------------------
(       3,       4 ]        1  25.000%  25.000% #####
(       4,       6 ]        1  25.000%  50.000% #####
(       6,      10 ]        1  25.000%  75.000% #####
(    2900,    4400 ]        1  25.000% 100.000% #####


** Compaction Stats [default] **
Level    Files   Size     Score Read(GB)  Rn(GB) Rnp1(GB) Write(GB) Wnew(GB) Moved(GB) W-Amp Rd(MB/s) Wr(MB/s) Comp(sec) Comp(cnt) Avg(sec) KeyIn KeyDrop
----------------------------------------------------------------------------------------------------------------------------------------------------------
  L0      2/2    1.47 KB   0.0      0.0     0.0      0.0       0.0      0.0       0.0   1.0      0.0      0.2         0         1    0.004       0      0
  L1      1/1    0.78 KB   0.0      0.0     0.0      0.0       0.0      0.0       0.0   0.0      0.0      0.0         0         0    0.000       0      0
 Sum      3/3    2.25 KB   0.0      0.0     0.0      0.0       0.0      0.0       0.0   1.0      0.0      0.2         0         1    0.004       0      0
 Int      0/0    0.00 KB   0.0      0.0     0.0      0.0       0.0      0.0       0.0   0.0      0.0      0.0         0         0    0.000       0      0
Uptime(secs): 0.1 total, 0.0 interval
Flush(GB): cumulative 0.000, interval 0.000
AddFile(GB): cumulative 0.000, interval 0.000
AddFile(Total Files): cumulative 0, interval 0
AddFile(L0 Files): cumulative 0, interval 0
AddFile(Keys): cumulative 0, interval 0
Cumulative compaction: 0.00 GB write, 0.01 MB/s write, 0.00 GB read, 0.00 MB/s read, 0.0 seconds
Interval compaction: 0.00 GB write, 0.00 MB/s write, 0.00 GB read, 0.00 MB/s read, 0.0 seconds
Stalls(count): 0 level0_slowdown, 0 level0_slowdown_with_compaction, 0 level0_numfiles, 0 level0_numfiles_with_compaction, 0 stop for pending_compaction_bytes, 0 slowdown for pending_compaction_bytes, 0 memtable_compaction, 0 memtable_slowdown, interval 0 total count

** File Read Latency Histogram By Level [default] **
** Level 0 read latency histogram (micros):
Count: 10 Average: 220.6000  StdDev: 649.80
Min: 2  Median: 3.0000  Max: 2170
Percentiles: P50: 3.00 P75: 7.00 P99: 2170.00 P99.9: 2170.00 P99.99: 2170.00
------------------------------------------------------
(       1,       2 ]        3  30.000%  30.000% ######
(       2,       3 ]        2  20.000%  50.000% ####
(       3,       4 ]        1  10.000%  60.000% ##
(       4,       6 ]        1  10.000%  70.000% ##
(       6,      10 ]        2  20.000%  90.000% ####
(    1900,    2900 ]        1  10.000% 100.000% ##

** Level 1 read latency histogram (micros):
Count: 6 Average: 368.1667  StdDev: 812.51
Min: 3  Median: 4.0000  Max: 2185
Percentiles: P50: 4.00 P75: 8.00 P99: 2185.00 P99.9: 2185.00 P99.99: 2185.00
------------------------------------------------------
(       2,       3 ]        1  16.667%  16.667% ###
(       3,       4 ]        2  33.333%  50.000% #######
(       4,       6 ]        1  16.667%  66.667% ###
(       6,      10 ]        1  16.667%  83.333% ###
(    1900,    2900 ]        1  16.667% 100.000% ###


** Compaction Stats [Configuration] **
Level    Files   Size     Score Read(GB)  Rn(GB) Rnp1(GB) Write(GB) Wnew(GB) Moved(GB) W-Amp Rd(MB/s) Wr(MB/s) Comp(sec) Comp(cnt) Avg(sec) KeyIn KeyDrop
----------------------------------------------------------------------------------------------------------------------------------------------------------
  L0      2/0    1.74 KB   1.0      0.0     0.0      0.0       0.0      0.0       0.0   1.0      0.0      0.2         0         1    0.004       0      0
  L1      1/0    0.83 KB   0.0      0.0     0.0      0.0       0.0      0.0       0.0   0.0      0.0      0.0         0         0    0.000       0      0
 Sum      3/0    2.56 KB   0.0      0.0     0.0      0.0       0.0      0.0       0.0   1.0      0.0      0.2         0         1    0.004       0      0
 Int      0/0    0.00 KB   0.0      0.0     0.0      0.0       0.0      0.0       0.0   0.0      0.0      0.0         0         0    0.000       0      0
Uptime(secs): 0.0 total, 0.0 interval
Flush(GB): cumulative 0.000, interval 0.000
AddFile(GB): cumulative 0.000, interval 0.000
AddFile(Total Files): cumulative 0, interval 0
AddFile(L0 Files): cumulative 0, interval 0
AddFile(Keys): cumulative 0, interval 0
Cumulative compaction: 0.00 GB write, 0.02 MB/s write, 0.00 GB read, 0.00 MB/s read, 0.0 seconds
Interval compaction: 0.00 GB write, 0.00 MB/s write, 0.00 GB read, 0.00 MB/s read, 0.0 seconds
Stalls(count): 0 level0_slowdown, 0 level0_slowdown_with_compaction, 0 level0_numfiles, 0 level0_numfiles_with_compaction, 0 stop for pending_compaction_bytes, 0 slowdown for pending_compaction_bytes, 0 memtable_compaction, 0 memtable_slowdown, interval 0 total count

** File Read Latency Histogram By Level [Configuration] **
** Level 0 read latency histogram (micros):
Count: 12 Average: 251.6667  StdDev: 815.39
Min: 2  Median: 6.0000  Max: 2956
Percentiles: P50: 6.00 P75: 9.00 P99: 2956.00 P99.9: 2956.00 P99.99: 2956.00
------------------------------------------------------
(       1,       2 ]        2  16.667%  16.667% ###
(       2,       3 ]        1   8.333%  25.000% ##
(       3,       4 ]        2  16.667%  41.667% ###
(       4,       6 ]        1   8.333%  50.000% ##
(       6,      10 ]        4  33.333%  83.333% #######
(      10,      15 ]        1   8.333%  91.667% ##
(    2900,    4400 ]        1   8.333% 100.000% ##

** Level 1 read latency histogram (micros):
Count: 4 Average: 745.0000  StdDev: 1279.99
Min: 4  Median: 6.0000  Max: 2962
Percentiles: P50: 6.00 P75: 10.00 P99: 2962.00 P99.9: 2962.00 P99.99: 2962.00
------------------------------------------------------
(       3,       4 ]        1  25.000%  25.000% #####
(       4,       6 ]        1  25.000%  50.000% #####
(       6,      10 ]        1  25.000%  75.000% #####
(    2900,    4400 ]        1  25.000% 100.000% #####

2022/09/04-21:39:35.384230 7000179dd000 [WARN] [/db_impl.cc:617] STATISTICS:
 rocksdb.block.cache.miss COUNT : 12
rocksdb.block.cache.hit COUNT : 2
rocksdb.block.cache.add COUNT : 10
rocksdb.block.cache.add.failures COUNT : 0
rocksdb.block.cache.index.miss COUNT : 4
rocksdb.block.cache.index.hit COUNT : 2
rocksdb.block.cache.index.add COUNT : 3
rocksdb.block.cache.index.bytes.insert COUNT : 306
rocksdb.block.cache.index.bytes.evict COUNT : 0
rocksdb.block.cache.filter.miss COUNT : 0
rocksdb.block.cache.filter.hit COUNT : 0
rocksdb.block.cache.filter.add COUNT : 0
rocksdb.block.cache.filter.bytes.insert COUNT : 0
rocksdb.block.cache.filter.bytes.evict COUNT : 0
rocksdb.block.cache.data.miss COUNT : 8
rocksdb.block.cache.data.hit COUNT : 0
rocksdb.block.cache.data.add COUNT : 7
rocksdb.block.cache.data.bytes.insert COUNT : 1011
rocksdb.block.cache.bytes.read COUNT : 204
rocksdb.block.cache.bytes.write COUNT : 1317
