2022/08/18-08:49:17.288793 70000a0cf000 RocksDB version: 5.18.4
2022/08/18-08:49:17.288969 70000a0cf000 Git sha rocksdb_build_git_sha:b9a4a10659969c71e6f6eab4e4bae8c36ede919f
2022/08/18-08:49:17.288975 70000a0cf000 Compile date Mar 11 2020
2022/08/18-08:49:17.288979 70000a0cf000 DB SUMMARY
2022/08/18-08:49:17.289136 70000a0cf000 CURRENT file:  CURRENT
2022/08/18-08:49:17.289140 70000a0cf000 IDENTITY file:  IDENTITY
2022/08/18-08:49:17.289160 70000a0cf000 MANIFEST file:  MANIFEST-000011 size: 447 Bytes
2022/08/18-08:49:17.289165 70000a0cf000 SST files in /Users/mi/Downloads/RuoYi-Cloud-master/nacos/data/protocol/raft/naming_instance_metadata/log dir, Total Num: 4, files: 000006.sst 000008.sst 000010.sst 000012.sst 
2022/08/18-08:49:17.289168 70000a0cf000 Write Ahead Log file in /Users/mi/Downloads/RuoYi-Cloud-master/nacos/data/protocol/raft/naming_instance_metadata/log: 000013.log size: 185 ; 
2022/08/18-08:49:17.289173 70000a0cf000                         Options.error_if_exists: 0
2022/08/18-08:49:17.289175 70000a0cf000                       Options.create_if_missing: 1
2022/08/18-08:49:17.289178 70000a0cf000                         Options.paranoid_checks: 1
2022/08/18-08:49:17.289180 70000a0cf000                                     Options.env: 0x1198a6308
2022/08/18-08:49:17.289183 70000a0cf000                                Options.info_log: 0x6000019fb2f0
2022/08/18-08:49:17.289186 70000a0cf000                Options.max_file_opening_threads: 16
2022/08/18-08:49:17.289188 70000a0cf000                              Options.statistics: 0x600000b24b40
2022/08/18-08:49:17.289191 70000a0cf000                               Options.use_fsync: 0
2022/08/18-08:49:17.289193 70000a0cf000                       Options.max_log_file_size: 0
2022/08/18-08:49:17.289195 70000a0cf000                  Options.max_manifest_file_size: 1073741824
2022/08/18-08:49:17.289198 70000a0cf000                   Options.log_file_time_to_roll: 0
2022/08/18-08:49:17.289200 70000a0cf000                       Options.keep_log_file_num: 1000
2022/08/18-08:49:17.289202 70000a0cf000                    Options.recycle_log_file_num: 0
2022/08/18-08:49:17.289204 70000a0cf000                         Options.allow_fallocate: 1
2022/08/18-08:49:17.289207 70000a0cf000                        Options.allow_mmap_reads: 0
2022/08/18-08:49:17.289209 70000a0cf000                       Options.allow_mmap_writes: 0
2022/08/18-08:49:17.289211 70000a0cf000                        Options.use_direct_reads: 0
2022/08/18-08:49:17.289213 70000a0cf000                        Options.use_direct_io_for_flush_and_compaction: 0
2022/08/18-08:49:17.289215 70000a0cf000          Options.create_missing_column_families: 1
2022/08/18-08:49:17.289217 70000a0cf000                              Options.db_log_dir: 
2022/08/18-08:49:17.289219 70000a0cf000                                 Options.wal_dir: /Users/mi/Downloads/RuoYi-Cloud-master/nacos/data/protocol/raft/naming_instance_metadata/log
2022/08/18-08:49:17.289221 70000a0cf000                Options.table_cache_numshardbits: 6
2022/08/18-08:49:17.289223 70000a0cf000                      Options.max_subcompactions: 1
2022/08/18-08:49:17.289225 70000a0cf000                  Options.max_background_flushes: 1
2022/08/18-08:49:17.289227 70000a0cf000                         Options.WAL_ttl_seconds: 0
2022/08/18-08:49:17.289229 70000a0cf000                       Options.WAL_size_limit_MB: 0
2022/08/18-08:49:17.289231 70000a0cf000             Options.manifest_preallocation_size: 4194304
2022/08/18-08:49:17.289233 70000a0cf000                     Options.is_fd_close_on_exec: 1
2022/08/18-08:49:17.289235 70000a0cf000                   Options.advise_random_on_open: 1
2022/08/18-08:49:17.289237 70000a0cf000                    Options.db_write_buffer_size: 0
2022/08/18-08:49:17.289239 70000a0cf000                    Options.write_buffer_manager: 0x6000037d3300
2022/08/18-08:49:17.289241 70000a0cf000         Options.access_hint_on_compaction_start: 1
2022/08/18-08:49:17.289243 70000a0cf000  Options.new_table_reader_for_compaction_inputs: 0
2022/08/18-08:49:17.289246 70000a0cf000           Options.random_access_max_buffer_size: 1048576
2022/08/18-08:49:17.289851 70000a0cf000                      Options.use_adaptive_mutex: 0
2022/08/18-08:49:17.289860 70000a0cf000                            Options.rate_limiter: 0x0
2022/08/18-08:49:17.289863 70000a0cf000     Options.sst_file_manager.rate_bytes_per_sec: 0
2022/08/18-08:49:17.289866 70000a0cf000                       Options.wal_recovery_mode: 2
2022/08/18-08:49:17.289868 70000a0cf000                  Options.enable_thread_tracking: 0
2022/08/18-08:49:17.289870 70000a0cf000                  Options.enable_pipelined_write: 0
2022/08/18-08:49:17.289872 70000a0cf000         Options.allow_concurrent_memtable_write: 1
2022/08/18-08:49:17.289875 70000a0cf000      Options.enable_write_thread_adaptive_yield: 1
2022/08/18-08:49:17.289877 70000a0cf000             Options.write_thread_max_yield_usec: 100
2022/08/18-08:49:17.289880 70000a0cf000            Options.write_thread_slow_yield_usec: 3
2022/08/18-08:49:17.289882 70000a0cf000                               Options.row_cache: None
2022/08/18-08:49:17.289884 70000a0cf000                              Options.wal_filter: None
2022/08/18-08:49:17.289887 70000a0cf000             Options.avoid_flush_during_recovery: 0
2022/08/18-08:49:17.289889 70000a0cf000             Options.allow_ingest_behind: 0
2022/08/18-08:49:17.289891 70000a0cf000             Options.preserve_deletes: 0
2022/08/18-08:49:17.289894 70000a0cf000             Options.two_write_queues: 0
2022/08/18-08:49:17.289896 70000a0cf000             Options.manual_wal_flush: 0
2022/08/18-08:49:17.289898 70000a0cf000             Options.max_background_jobs: 2
2022/08/18-08:49:17.289901 70000a0cf000             Options.max_background_compactions: 4
2022/08/18-08:49:17.289903 70000a0cf000             Options.avoid_flush_during_shutdown: 0
2022/08/18-08:49:17.289905 70000a0cf000           Options.writable_file_max_buffer_size: 1048576
2022/08/18-08:49:17.289907 70000a0cf000             Options.delayed_write_rate : 16777216
2022/08/18-08:49:17.289910 70000a0cf000             Options.max_total_wal_size: 0
2022/08/18-08:49:17.289912 70000a0cf000             Options.delete_obsolete_files_period_micros: 21600000000
2022/08/18-08:49:17.289914 70000a0cf000                   Options.stats_dump_period_sec: 600
2022/08/18-08:49:17.289916 70000a0cf000                          Options.max_open_files: -1
2022/08/18-08:49:17.289919 70000a0cf000                          Options.bytes_per_sync: 0
2022/08/18-08:49:17.289921 70000a0cf000                      Options.wal_bytes_per_sync: 0
2022/08/18-08:49:17.289922 70000a0cf000       Options.compaction_readahead_size: 0
2022/08/18-08:49:17.289924 70000a0cf000 Compression algorithms supported:
2022/08/18-08:49:17.289927 70000a0cf000 	kZSTD supported: 1
2022/08/18-08:49:17.289929 70000a0cf000 	kZlibCompression supported: 1
2022/08/18-08:49:17.289931 70000a0cf000 	kXpressCompression supported: 0
2022/08/18-08:49:17.289933 70000a0cf000 	kSnappyCompression supported: 1
2022/08/18-08:49:17.289936 70000a0cf000 	kZSTDNotFinalCompression supported: 1
2022/08/18-08:49:17.289938 70000a0cf000 	kLZ4HCCompression supported: 1
2022/08/18-08:49:17.289940 70000a0cf000 	kLZ4Compression supported: 1
2022/08/18-08:49:17.289942 70000a0cf000 	kBZip2Compression supported: 1
2022/08/18-08:49:17.289946 70000a0cf000 Fast CRC32 supported: Not supported on x86
2022/08/18-08:49:17.291460 70000a0cf000 [/version_set.cc:3508] Recovering from manifest file: MANIFEST-000011
2022/08/18-08:49:17.291615 70000a0cf000 [/column_family.cc:474] --------------- Options for column family [default]:
2022/08/18-08:49:17.291622 70000a0cf000               Options.comparator: leveldb.BytewiseComparator
2022/08/18-08:49:17.291625 70000a0cf000           Options.merge_operator: StringAppendOperator
2022/08/18-08:49:17.291627 70000a0cf000        Options.compaction_filter: None
2022/08/18-08:49:17.291630 70000a0cf000        Options.compaction_filter_factory: None
2022/08/18-08:49:17.291633 70000a0cf000         Options.memtable_factory: SkipListFactory
2022/08/18-08:49:17.291635 70000a0cf000            Options.table_factory: BlockBasedTable
2022/08/18-08:49:17.291780 70000a0cf000            table_factory options:   flush_block_policy_factory: FlushBlockBySizePolicyFactory (0x600007a24c50)
  cache_index_and_filter_blocks: 0
  cache_index_and_filter_blocks_with_high_priority: 1
  pin_l0_filter_and_index_blocks_in_cache: 1
  pin_top_level_index_and_filter: 1
  index_type: 2
  hash_index_allow_collision: 1
  checksum: 1
  no_block_cache: 0
  block_cache: 0x600000875698
  block_cache_name: LRUCache
  block_cache_options:
    capacity : 536870912
    num_shard_bits : 8
    strict_capacity_limit : 0
    memory_allocator : None
    high_pri_pool_ratio: 0.000
  block_cache_compressed: 0x0
  persistent_cache: 0x0
  block_size: 4096
  block_size_deviation: 10
  block_restart_interval: 16
  index_block_restart_interval: 1
  metadata_block_size: 8192
  partition_filters: 1
  use_delta_encoding: 1
  filter_policy: nullptr
  whole_key_filtering: 1
  verify_compression: 0
  read_amp_bytes_per_bit: 0
  format_version: 0
  enable_index_compression: 1
  block_align: 0
2022/08/18-08:49:17.291786 70000a0cf000        Options.write_buffer_size: 134217728
2022/08/18-08:49:17.291789 70000a0cf000  Options.max_write_buffer_number: 6
2022/08/18-08:49:17.291792 70000a0cf000        Options.compression[0]: NoCompression
2022/08/18-08:49:17.291794 70000a0cf000        Options.compression[1]: NoCompression
2022/08/18-08:49:17.291797 70000a0cf000        Options.compression[2]: Snappy
2022/08/18-08:49:17.291799 70000a0cf000        Options.compression[3]: Snappy
2022/08/18-08:49:17.291801 70000a0cf000        Options.compression[4]: Snappy
2022/08/18-08:49:17.291804 70000a0cf000        Options.compression[5]: Snappy
2022/08/18-08:49:17.291806 70000a0cf000        Options.compression[6]: Snappy
2022/08/18-08:49:17.291808 70000a0cf000                  Options.bottommost_compression: Disabled
2022/08/18-08:49:17.291811 70000a0cf000       Options.prefix_extractor: rocksdb.FixedPrefix.8
2022/08/18-08:49:17.291813 70000a0cf000   Options.memtable_insert_with_hint_prefix_extractor: nullptr
2022/08/18-08:49:17.291815 70000a0cf000             Options.num_levels: 7
2022/08/18-08:49:17.291817 70000a0cf000        Options.min_write_buffer_number_to_merge: 2
2022/08/18-08:49:17.291819 70000a0cf000     Options.max_write_buffer_number_to_maintain: 0
2022/08/18-08:49:17.291821 70000a0cf000            Options.bottommost_compression_opts.window_bits: -14
2022/08/18-08:49:17.291824 70000a0cf000                  Options.bottommost_compression_opts.level: 32767
2022/08/18-08:49:17.291826 70000a0cf000               Options.bottommost_compression_opts.strategy: 0
2022/08/18-08:49:17.291828 70000a0cf000         Options.bottommost_compression_opts.max_dict_bytes: 0
2022/08/18-08:49:17.291831 70000a0cf000         Options.bottommost_compression_opts.zstd_max_train_bytes: 0
2022/08/18-08:49:17.291833 70000a0cf000                  Options.bottommost_compression_opts.enabled: false
2022/08/18-08:49:17.291836 70000a0cf000            Options.compression_opts.window_bits: -14
2022/08/18-08:49:17.291839 70000a0cf000                  Options.compression_opts.level: 32767
2022/08/18-08:49:17.291841 70000a0cf000               Options.compression_opts.strategy: 0
2022/08/18-08:49:17.291843 70000a0cf000         Options.compression_opts.max_dict_bytes: 0
2022/08/18-08:49:17.291846 70000a0cf000         Options.compression_opts.zstd_max_train_bytes: 0
2022/08/18-08:49:17.291848 70000a0cf000                  Options.compression_opts.enabled: false
2022/08/18-08:49:17.291851 70000a0cf000      Options.level0_file_num_compaction_trigger: 2
2022/08/18-08:49:17.291853 70000a0cf000          Options.level0_slowdown_writes_trigger: 20
2022/08/18-08:49:17.291856 70000a0cf000              Options.level0_stop_writes_trigger: 40
2022/08/18-08:49:17.291858 70000a0cf000                   Options.target_file_size_base: 67108864
2022/08/18-08:49:17.291860 70000a0cf000             Options.target_file_size_multiplier: 1
2022/08/18-08:49:17.291863 70000a0cf000                Options.max_bytes_for_level_base: 536870912
2022/08/18-08:49:17.291865 70000a0cf000 Options.level_compaction_dynamic_level_bytes: 0
2022/08/18-08:49:17.291977 70000a0cf000          Options.max_bytes_for_level_multiplier: 10.000000
2022/08/18-08:49:17.291983 70000a0cf000 Options.max_bytes_for_level_multiplier_addtl[0]: 1
2022/08/18-08:49:17.291986 70000a0cf000 Options.max_bytes_for_level_multiplier_addtl[1]: 1
2022/08/18-08:49:17.291988 70000a0cf000 Options.max_bytes_for_level_multiplier_addtl[2]: 1
2022/08/18-08:49:17.291991 70000a0cf000 Options.max_bytes_for_level_multiplier_addtl[3]: 1
2022/08/18-08:49:17.291994 70000a0cf000 Options.max_bytes_for_level_multiplier_addtl[4]: 1
2022/08/18-08:49:17.291996 70000a0cf000 Options.max_bytes_for_level_multiplier_addtl[5]: 1
2022/08/18-08:49:17.291998 70000a0cf000 Options.max_bytes_for_level_multiplier_addtl[6]: 1
2022/08/18-08:49:17.292001 70000a0cf000       Options.max_sequential_skip_in_iterations: 8
2022/08/18-08:49:17.292003 70000a0cf000                    Options.max_compaction_bytes: 1677721600
2022/08/18-08:49:17.292006 70000a0cf000                        Options.arena_block_size: 16777216
2022/08/18-08:49:17.292008 70000a0cf000   Options.soft_pending_compaction_bytes_limit: 68719476736
2022/08/18-08:49:17.292011 70000a0cf000   Options.hard_pending_compaction_bytes_limit: 274877906944
2022/08/18-08:49:17.292013 70000a0cf000       Options.rate_limit_delay_max_milliseconds: 100
2022/08/18-08:49:17.292016 70000a0cf000                Options.disable_auto_compactions: 0
2022/08/18-08:49:17.292019 70000a0cf000                        Options.compaction_style: kCompactionStyleLevel
2022/08/18-08:49:17.292021 70000a0cf000                          Options.compaction_pri: kByCompensatedSize
2022/08/18-08:49:17.292023 70000a0cf000 Options.compaction_options_universal.size_ratio: 1
2022/08/18-08:49:17.292025 70000a0cf000 Options.compaction_options_universal.min_merge_width: 2
2022/08/18-08:49:17.292028 70000a0cf000 Options.compaction_options_universal.max_merge_width: 4294967295
2022/08/18-08:49:17.292030 70000a0cf000 Options.compaction_options_universal.max_size_amplification_percent: 200
2022/08/18-08:49:17.292033 70000a0cf000 Options.compaction_options_universal.compression_size_percent: -1
2022/08/18-08:49:17.292036 70000a0cf000 Options.compaction_options_universal.stop_style: kCompactionStopStyleTotalSize
2022/08/18-08:49:17.292039 70000a0cf000 Options.compaction_options_fifo.max_table_files_size: 1073741824
2022/08/18-08:49:17.292041 70000a0cf000 Options.compaction_options_fifo.allow_compaction: 0
2022/08/18-08:49:17.292044 70000a0cf000 Options.compaction_options_fifo.ttl: 0
2022/08/18-08:49:17.292046 70000a0cf000                   Options.table_properties_collectors: 
2022/08/18-08:49:17.292049 70000a0cf000                   Options.inplace_update_support: 0
2022/08/18-08:49:17.292051 70000a0cf000                 Options.inplace_update_num_locks: 10000
2022/08/18-08:49:17.292053 70000a0cf000               Options.memtable_prefix_bloom_size_ratio: 0.125000
2022/08/18-08:49:17.292057 70000a0cf000   Options.memtable_huge_page_size: 0
2022/08/18-08:49:17.292059 70000a0cf000                           Options.bloom_locality: 0
2022/08/18-08:49:17.292061 70000a0cf000                    Options.max_successive_merges: 0
2022/08/18-08:49:17.292064 70000a0cf000                Options.optimize_filters_for_hits: 0
2022/08/18-08:49:17.292066 70000a0cf000                Options.paranoid_file_checks: 0
2022/08/18-08:49:17.292068 70000a0cf000                Options.force_consistency_checks: 1
2022/08/18-08:49:17.292070 70000a0cf000                Options.report_bg_io_stats: 0
2022/08/18-08:49:17.292072 70000a0cf000                               Options.ttl: 0
2022/08/18-08:49:17.313008 70000a0cf000 [/column_family.cc:474] --------------- Options for column family [Configuration]:
2022/08/18-08:49:17.313021 70000a0cf000               Options.comparator: leveldb.BytewiseComparator
2022/08/18-08:49:17.313025 70000a0cf000           Options.merge_operator: StringAppendOperator
2022/08/18-08:49:17.313027 70000a0cf000        Options.compaction_filter: None
2022/08/18-08:49:17.313188 70000a0cf000        Options.compaction_filter_factory: None
2022/08/18-08:49:17.313200 70000a0cf000         Options.memtable_factory: SkipListFactory
2022/08/18-08:49:17.313204 70000a0cf000            Options.table_factory: BlockBasedTable
2022/08/18-08:49:17.313246 70000a0cf000            table_factory options:   flush_block_policy_factory: FlushBlockBySizePolicyFactory (0x600007a24c50)
  cache_index_and_filter_blocks: 0
  cache_index_and_filter_blocks_with_high_priority: 1
  pin_l0_filter_and_index_blocks_in_cache: 1
  pin_top_level_index_and_filter: 1
  index_type: 2
  hash_index_allow_collision: 1
  checksum: 1
  no_block_cache: 0
  block_cache: 0x600000875698
  block_cache_name: LRUCache
  block_cache_options:
    capacity : 536870912
    num_shard_bits : 8
    strict_capacity_limit : 0
    memory_allocator : None
    high_pri_pool_ratio: 0.000
  block_cache_compressed: 0x0
  persistent_cache: 0x0
  block_size: 4096
  block_size_deviation: 10
  block_restart_interval: 16
  index_block_restart_interval: 1
  metadata_block_size: 8192
  partition_filters: 1
  use_delta_encoding: 1
  filter_policy: nullptr
  whole_key_filtering: 1
  verify_compression: 0
  read_amp_bytes_per_bit: 0
  format_version: 0
  enable_index_compression: 1
  block_align: 0
2022/08/18-08:49:17.314182 70000a0cf000        Options.write_buffer_size: 134217728
2022/08/18-08:49:17.314187 70000a0cf000  Options.max_write_buffer_number: 6
2022/08/18-08:49:17.314190 70000a0cf000        Options.compression[0]: NoCompression
2022/08/18-08:49:17.314192 70000a0cf000        Options.compression[1]: NoCompression
2022/08/18-08:49:17.314195 70000a0cf000        Options.compression[2]: Snappy
2022/08/18-08:49:17.314197 70000a0cf000        Options.compression[3]: Snappy
2022/08/18-08:49:17.314199 70000a0cf000        Options.compression[4]: Snappy
2022/08/18-08:49:17.314202 70000a0cf000        Options.compression[5]: Snappy
2022/08/18-08:49:17.314204 70000a0cf000        Options.compression[6]: Snappy
2022/08/18-08:49:17.314206 70000a0cf000                  Options.bottommost_compression: Disabled
2022/08/18-08:49:17.314209 70000a0cf000       Options.prefix_extractor: rocksdb.FixedPrefix.8
2022/08/18-08:49:17.314212 70000a0cf000   Options.memtable_insert_with_hint_prefix_extractor: nullptr
2022/08/18-08:49:17.314214 70000a0cf000             Options.num_levels: 7
2022/08/18-08:49:17.314217 70000a0cf000        Options.min_write_buffer_number_to_merge: 2
2022/08/18-08:49:17.314219 70000a0cf000     Options.max_write_buffer_number_to_maintain: 0
2022/08/18-08:49:17.314221 70000a0cf000            Options.bottommost_compression_opts.window_bits: -14
2022/08/18-08:49:17.314224 70000a0cf000                  Options.bottommost_compression_opts.level: 32767
2022/08/18-08:49:17.314226 70000a0cf000               Options.bottommost_compression_opts.strategy: 0
2022/08/18-08:49:17.314229 70000a0cf000         Options.bottommost_compression_opts.max_dict_bytes: 0
2022/08/18-08:49:17.314231 70000a0cf000         Options.bottommost_compression_opts.zstd_max_train_bytes: 0
2022/08/18-08:49:17.314234 70000a0cf000                  Options.bottommost_compression_opts.enabled: false
2022/08/18-08:49:17.314236 70000a0cf000            Options.compression_opts.window_bits: -14
2022/08/18-08:49:17.314239 70000a0cf000                  Options.compression_opts.level: 32767
2022/08/18-08:49:17.314241 70000a0cf000               Options.compression_opts.strategy: 0
2022/08/18-08:49:17.314244 70000a0cf000         Options.compression_opts.max_dict_bytes: 0
2022/08/18-08:49:17.314246 70000a0cf000         Options.compression_opts.zstd_max_train_bytes: 0
2022/08/18-08:49:17.314248 70000a0cf000                  Options.compression_opts.enabled: false
2022/08/18-08:49:17.314251 70000a0cf000      Options.level0_file_num_compaction_trigger: 2
2022/08/18-08:49:17.314253 70000a0cf000          Options.level0_slowdown_writes_trigger: 20
2022/08/18-08:49:17.314256 70000a0cf000              Options.level0_stop_writes_trigger: 40
2022/08/18-08:49:17.314258 70000a0cf000                   Options.target_file_size_base: 67108864
2022/08/18-08:49:17.314366 70000a0cf000             Options.target_file_size_multiplier: 1
2022/08/18-08:49:17.314371 70000a0cf000                Options.max_bytes_for_level_base: 536870912
2022/08/18-08:49:17.314374 70000a0cf000 Options.level_compaction_dynamic_level_bytes: 0
2022/08/18-08:49:17.314376 70000a0cf000          Options.max_bytes_for_level_multiplier: 10.000000
2022/08/18-08:49:17.314380 70000a0cf000 Options.max_bytes_for_level_multiplier_addtl[0]: 1
2022/08/18-08:49:17.314383 70000a0cf000 Options.max_bytes_for_level_multiplier_addtl[1]: 1
2022/08/18-08:49:17.314385 70000a0cf000 Options.max_bytes_for_level_multiplier_addtl[2]: 1
2022/08/18-08:49:17.314388 70000a0cf000 Options.max_bytes_for_level_multiplier_addtl[3]: 1
2022/08/18-08:49:17.314390 70000a0cf000 Options.max_bytes_for_level_multiplier_addtl[4]: 1
2022/08/18-08:49:17.314392 70000a0cf000 Options.max_bytes_for_level_multiplier_addtl[5]: 1
2022/08/18-08:49:17.314395 70000a0cf000 Options.max_bytes_for_level_multiplier_addtl[6]: 1
2022/08/18-08:49:17.314397 70000a0cf000       Options.max_sequential_skip_in_iterations: 8
2022/08/18-08:49:17.314400 70000a0cf000                    Options.max_compaction_bytes: 1677721600
2022/08/18-08:49:17.314402 70000a0cf000                        Options.arena_block_size: 16777216
2022/08/18-08:49:17.314405 70000a0cf000   Options.soft_pending_compaction_bytes_limit: 68719476736
2022/08/18-08:49:17.314407 70000a0cf000   Options.hard_pending_compaction_bytes_limit: 274877906944
2022/08/18-08:49:17.314409 70000a0cf000       Options.rate_limit_delay_max_milliseconds: 100
2022/08/18-08:49:17.314412 70000a0cf000                Options.disable_auto_compactions: 0
2022/08/18-08:49:17.314414 70000a0cf000                        Options.compaction_style: kCompactionStyleLevel
2022/08/18-08:49:17.314417 70000a0cf000                          Options.compaction_pri: kByCompensatedSize
2022/08/18-08:49:17.314419 70000a0cf000 Options.compaction_options_universal.size_ratio: 1
2022/08/18-08:49:17.314421 70000a0cf000 Options.compaction_options_universal.min_merge_width: 2
2022/08/18-08:49:17.314424 70000a0cf000 Options.compaction_options_universal.max_merge_width: 4294967295
2022/08/18-08:49:17.314426 70000a0cf000 Options.compaction_options_universal.max_size_amplification_percent: 200
2022/08/18-08:49:17.314428 70000a0cf000 Options.compaction_options_universal.compression_size_percent: -1
2022/08/18-08:49:17.314433 70000a0cf000 Options.compaction_options_universal.stop_style: kCompactionStopStyleTotalSize
2022/08/18-08:49:17.314435 70000a0cf000 Options.compaction_options_fifo.max_table_files_size: 1073741824
2022/08/18-08:49:17.314437 70000a0cf000 Options.compaction_options_fifo.allow_compaction: 0
2022/08/18-08:49:17.314440 70000a0cf000 Options.compaction_options_fifo.ttl: 0
2022/08/18-08:49:17.314442 70000a0cf000                   Options.table_properties_collectors: 
2022/08/18-08:49:17.314444 70000a0cf000                   Options.inplace_update_support: 0
2022/08/18-08:49:17.314447 70000a0cf000                 Options.inplace_update_num_locks: 10000
2022/08/18-08:49:17.314449 70000a0cf000               Options.memtable_prefix_bloom_size_ratio: 0.125000
2022/08/18-08:49:17.314453 70000a0cf000   Options.memtable_huge_page_size: 0
2022/08/18-08:49:17.314455 70000a0cf000                           Options.bloom_locality: 0
2022/08/18-08:49:17.314457 70000a0cf000                    Options.max_successive_merges: 0
2022/08/18-08:49:17.314459 70000a0cf000                Options.optimize_filters_for_hits: 0
2022/08/18-08:49:17.314462 70000a0cf000                Options.paranoid_file_checks: 0
2022/08/18-08:49:17.314464 70000a0cf000                Options.force_consistency_checks: 1
2022/08/18-08:49:17.314467 70000a0cf000                Options.report_bg_io_stats: 0
2022/08/18-08:49:17.314469 70000a0cf000                               Options.ttl: 0
2022/08/18-08:49:17.366941 70000a0cf000 [/version_set.cc:3724] Recovered from manifest file:/Users/mi/Downloads/RuoYi-Cloud-master/nacos/data/protocol/raft/naming_instance_metadata/log/MANIFEST-000011 succeeded,manifest_file_number is 11, next_file_number is 17, last_sequence is 7, log_number is 0,prev_log_number is 0,max_column_family is 1,min_log_number_to_keep is 0
2022/08/18-08:49:17.367129 70000a0cf000 [/version_set.cc:3732] Column family [default] (ID 0), log number is 10
2022/08/18-08:49:17.367140 70000a0cf000 [/version_set.cc:3732] Column family [Configuration] (ID 1), log number is 10
2022/08/18-08:49:17.367723 70000a0cf000 EVENT_LOG_v1 {"time_micros": 1660837757367708, "job": 1, "event": "recovery_started", "log_files": [13]}
2022/08/18-08:49:17.367740 70000a0cf000 [/db_impl_open.cc:578] Recovering log #13 mode 2
2022/08/18-08:49:17.373884 70000a0cf000 EVENT_LOG_v1 {"time_micros": 1660837757373862, "cf_name": "default", "job": 1, "event": "table_file_creation", "file_number": 17, "file_size": 868, "table_properties": {"data_size": 65, "index_size": 49, "filter_size": 0, "raw_key_size": 32, "raw_average_key_size": 32, "raw_value_size": 41, "raw_average_value_size": 41, "num_data_blocks": 1, "num_entries": 1, "filter_policy_name": ""}}
2022/08/18-08:49:17.379198 70000a0cf000 [/version_set.cc:3037] Creating manifest 18
2022/08/18-08:49:17.389627 70000a0cf000 EVENT_LOG_v1 {"time_micros": 1660837757389600, "cf_name": "Configuration", "job": 1, "event": "table_file_creation", "file_number": 19, "file_size": 874, "table_properties": {"data_size": 65, "index_size": 49, "filter_size": 0, "raw_key_size": 32, "raw_average_key_size": 32, "raw_value_size": 41, "raw_average_value_size": 41, "num_data_blocks": 1, "num_entries": 1, "filter_policy_name": ""}}
2022/08/18-08:49:17.397054 70000a0cf000 EVENT_LOG_v1 {"time_micros": 1660837757397044, "job": 1, "event": "recovery_finished"}
2022/08/18-08:49:17.407377 700010f9f000 [/compaction_job.cc:1688] [default] [JOB 3] Compacting 2@0 + 1@1 files to L1, score 1.00
2022/08/18-08:49:17.407391 700010f9f000 [/compaction_job.cc:1692] [default] Compaction start summary: Base version 4 Base level 0, inputs: [17(868B) 6(801B)], [10(801B)]
2022/08/18-08:49:17.407411 700010f9f000 EVENT_LOG_v1 {"time_micros": 1660837757407398, "job": 3, "event": "compaction_started", "compaction_reason": "LevelL0FilesNum", "files_L0": [17, 6], "files_L1": [10], "score": 1, "input_data_size": 2470}
2022/08/18-08:49:17.407439 70000a0cf000 [/db_impl_open.cc:1314] DB pointer 0x7fec6e208e00
2022/08/18-08:49:17.408151 700011e52000 [WARN] [/db_impl.cc:669] ------- DUMPING STATS -------
2022/08/18-08:49:17.408175 700011e52000 [WARN] [/db_impl.cc:670] 
** DB Stats **
Uptime(secs): 0.1 total, 0.1 interval
Cumulative writes: 0 writes, 0 keys, 0 commit groups, 0.0 writes per commit group, ingest: 0.00 GB, 0.00 MB/s
Cumulative WAL: 0 writes, 0 syncs, 0.00 writes per sync, written: 0.00 GB, 0.00 MB/s
Cumulative stall: 00:00:0.000 H:M:S, 0.0 percent
Interval writes: 0 writes, 0 keys, 0 commit groups, 0.0 writes per commit group, ingest: 0.00 MB, 0.00 MB/s
Interval WAL: 0 writes, 0 syncs, 0.00 writes per sync, written: 0.00 MB, 0.00 MB/s
Interval stall: 00:00:0.000 H:M:S, 0.0 percent

** Compaction Stats [default] **
Level    Files   Size     Score Read(GB)  Rn(GB) Rnp1(GB) Write(GB) Wnew(GB) Moved(GB) W-Amp Rd(MB/s) Wr(MB/s) Comp(sec) Comp(cnt) Avg(sec) KeyIn KeyDrop
----------------------------------------------------------------------------------------------------------------------------------------------------------
  L0      2/2    1.63 KB   0.0      0.0     0.0      0.0       0.0      0.0       0.0   1.0      0.0      0.2         0         1    0.004       0      0
  L1      1/1    0.78 KB   0.0      0.0     0.0      0.0       0.0      0.0       0.0   0.0      0.0      0.0         0         0    0.000       0      0
 Sum      3/3    2.41 KB   0.0      0.0     0.0      0.0       0.0      0.0       0.0   1.0      0.0      0.2         0         1    0.004       0      0
 Int      0/0    0.00 KB   0.0      0.0     0.0      0.0       0.0      0.0       0.0   1.0      0.0      0.2         0         1    0.004       0      0
Uptime(secs): 0.1 total, 0.1 interval
Flush(GB): cumulative 0.000, interval 0.000
AddFile(GB): cumulative 0.000, interval 0.000
AddFile(Total Files): cumulative 0, interval 0
AddFile(L0 Files): cumulative 0, interval 0
AddFile(Keys): cumulative 0, interval 0
Cumulative compaction: 0.00 GB write, 0.01 MB/s write, 0.00 GB read, 0.00 MB/s read, 0.0 seconds
Interval compaction: 0.00 GB write, 0.01 MB/s write, 0.00 GB read, 0.00 MB/s read, 0.0 seconds
Stalls(count): 0 level0_slowdown, 0 level0_slowdown_with_compaction, 0 level0_numfiles, 0 level0_numfiles_with_compaction, 0 stop for pending_compaction_bytes, 0 slowdown for pending_compaction_bytes, 0 memtable_compaction, 0 memtable_slowdown, interval 0 total count

** File Read Latency Histogram By Level [default] **
** Level 0 read latency histogram (micros):
Count: 13 Average: 30.6923  StdDev: 65.79
Min: 2  Median: 4.3333  Max: 249
Percentiles: P50: 4.33 P75: 9.00 P99: 239.60 P99.9: 248.96 P99.99: 249.00
------------------------------------------------------
(       1,       2 ]        1   7.692%   7.692% ##
(       2,       3 ]        4  30.769%  38.462% ######
(       3,       4 ]        1   7.692%  46.154% ##
(       4,       6 ]        3  23.077%  69.231% #####
(       6,      10 ]        1   7.692%  76.923% ##
(      34,      51 ]        1   7.692%  84.615% ##
(      51,      76 ]        1   7.692%  92.308% ##
(     170,     250 ]        1   7.692% 100.000% ##

** Level 1 read latency histogram (micros):
Count: 6 Average: 42.5000  StdDev: 87.89
Min: 1  Median: 3.0000  Max: 239
Percentiles: P50: 3.00 P75: 5.50 P99: 239.00 P99.9: 239.00 P99.99: 239.00
------------------------------------------------------
[       0,       1 ]        1  16.667%  16.667% ###
(       1,       2 ]        1  16.667%  33.333% ###
(       2,       3 ]        1  16.667%  50.000% ###
(       4,       6 ]        2  33.333%  83.333% #######
(     170,     250 ]        1  16.667% 100.000% ###


** Compaction Stats [Configuration] **
Level    Files   Size     Score Read(GB)  Rn(GB) Rnp1(GB) Write(GB) Wnew(GB) Moved(GB) W-Amp Rd(MB/s) Wr(MB/s) Comp(sec) Comp(cnt) Avg(sec) KeyIn KeyDrop
----------------------------------------------------------------------------------------------------------------------------------------------------------
  L0      2/0    1.64 KB   1.0      0.0     0.0      0.0       0.0      0.0       0.0   1.0      0.0      0.2         0         1    0.004       0      0
  L1      1/0    0.83 KB   0.0      0.0     0.0      0.0       0.0      0.0       0.0   0.0      0.0      0.0         0         0    0.000       0      0
 Sum      3/0    2.47 KB   0.0      0.0     0.0      0.0       0.0      0.0       0.0   1.0      0.0      0.2         0         1    0.004       0      0
 Int      0/0    0.00 KB   0.0      0.0     0.0      0.0       0.0      0.0       0.0   1.0      0.0      0.2         0         1    0.004       0      0
Uptime(secs): 0.1 total, 0.1 interval
Flush(GB): cumulative 0.000, interval 0.000
AddFile(GB): cumulative 0.000, interval 0.000
AddFile(Total Files): cumulative 0, interval 0
AddFile(L0 Files): cumulative 0, interval 0
AddFile(Keys): cumulative 0, interval 0
Cumulative compaction: 0.00 GB write, 0.01 MB/s write, 0.00 GB read, 0.00 MB/s read, 0.0 seconds
Interval compaction: 0.00 GB write, 0.01 MB/s write, 0.00 GB read, 0.00 MB/s read, 0.0 seconds
Stalls(count): 0 level0_slowdown, 0 level0_slowdown_with_compaction, 0 level0_numfiles, 0 level0_numfiles_with_compaction, 0 stop for pending_compaction_bytes, 0 slowdown for pending_compaction_bytes, 0 memtable_compaction, 0 memtable_slowdown, interval 0 total count

** File Read Latency Histogram By Level [Configuration] **
** Level 0 read latency histogram (micros):
Count: 11 Average: 416.0909  StdDev: 1292.40
Min: 2  Median: 7.5000  Max: 4503
Percentiles: P50: 7.50 P75: 11.25 P99: 4503.00 P99.9: 4503.00 P99.99: 4503.00
------------------------------------------------------
(       1,       2 ]        2  18.182%  18.182% ####
(       2,       3 ]        1   9.091%  27.273% ##
(       4,       6 ]        1   9.091%  36.364% ##
(       6,      10 ]        4  36.364%  72.727% #######
(      10,      15 ]        1   9.091%  81.818% ##
(      15,      22 ]        1   9.091%  90.909% ##
(    4400,    6600 ]        1   9.091% 100.000% ##

** Level 1 read latency histogram (micros):
Count: 4 Average: 1142.5000  StdDev: 1965.59
Min: 4  Median: 10.0000  Max: 4547
Percentiles: P50: 10.00 P75: 15.00 P99: 4547.00 P99.9: 4547.00 P99.99: 4547.00
------------------------------------------------------
(       3,       4 ]        1  25.000%  25.000% #####
(       6,      10 ]        1  25.000%  50.000% #####
(      10,      15 ]        1  25.000%  75.000% #####
(    4400,    6600 ]        1  25.000% 100.000% #####


** Compaction Stats [default] **
Level    Files   Size     Score Read(GB)  Rn(GB) Rnp1(GB) Write(GB) Wnew(GB) Moved(GB) W-Amp Rd(MB/s) Wr(MB/s) Comp(sec) Comp(cnt) Avg(sec) KeyIn KeyDrop
----------------------------------------------------------------------------------------------------------------------------------------------------------
  L0      2/2    1.63 KB   0.0      0.0     0.0      0.0       0.0      0.0       0.0   1.0      0.0      0.2         0         1    0.004       0      0
  L1      1/1    0.78 KB   0.0      0.0     0.0      0.0       0.0      0.0       0.0   0.0      0.0      0.0         0         0    0.000       0      0
 Sum      3/3    2.41 KB   0.0      0.0     0.0      0.0       0.0      0.0       0.0   1.0      0.0      0.2         0         1    0.004       0      0
 Int      0/0    0.00 KB   0.0      0.0     0.0      0.0       0.0      0.0       0.0   0.0      0.0      0.0         0         0    0.000       0      0
Uptime(secs): 0.1 total, 0.0 interval
Flush(GB): cumulative 0.000, interval 0.000
AddFile(GB): cumulative 0.000, interval 0.000
AddFile(Total Files): cumulative 0, interval 0
AddFile(L0 Files): cumulative 0, interval 0
AddFile(Keys): cumulative 0, interval 0
Cumulative compaction: 0.00 GB write, 0.01 MB/s write, 0.00 GB read, 0.00 MB/s read, 0.0 seconds
Interval compaction: 0.00 GB write, 0.00 MB/s write, 0.00 GB read, 0.00 MB/s read, 0.0 seconds
Stalls(count): 0 level0_slowdown, 0 level0_slowdown_with_compaction, 0 level0_numfiles, 0 level0_numfiles_with_compaction, 0 stop for pending_compaction_bytes, 0 slowdown for pending_compaction_bytes, 0 memtable_compaction, 0 memtable_slowdown, interval 0 total count

** File Read Latency Histogram By Level [default] **
** Level 0 read latency histogram (micros):
Count: 13 Average: 30.6923  StdDev: 65.79
Min: 2  Median: 4.3333  Max: 249
Percentiles: P50: 4.33 P75: 9.00 P99: 239.60 P99.9: 248.96 P99.99: 249.00
------------------------------------------------------
(       1,       2 ]        1   7.692%   7.692% ##
(       2,       3 ]        4  30.769%  38.462% ######
(       3,       4 ]        1   7.692%  46.154% ##
(       4,       6 ]        3  23.077%  69.231% #####
(       6,      10 ]        1   7.692%  76.923% ##
(      34,      51 ]        1   7.692%  84.615% ##
(      51,      76 ]        1   7.692%  92.308% ##
(     170,     250 ]        1   7.692% 100.000% ##

** Level 1 read latency histogram (micros):
Count: 6 Average: 42.5000  StdDev: 87.89
Min: 1  Median: 3.0000  Max: 239
Percentiles: P50: 3.00 P75: 5.50 P99: 239.00 P99.9: 239.00 P99.99: 239.00
------------------------------------------------------
[       0,       1 ]        1  16.667%  16.667% ###
(       1,       2 ]        1  16.667%  33.333% ###
(       2,       3 ]        1  16.667%  50.000% ###
(       4,       6 ]        2  33.333%  83.333% #######
(     170,     250 ]        1  16.667% 100.000% ###


** Compaction Stats [Configuration] **
Level    Files   Size     Score Read(GB)  Rn(GB) Rnp1(GB) Write(GB) Wnew(GB) Moved(GB) W-Amp Rd(MB/s) Wr(MB/s) Comp(sec) Comp(cnt) Avg(sec) KeyIn KeyDrop
----------------------------------------------------------------------------------------------------------------------------------------------------------
  L0      2/0    1.64 KB   1.0      0.0     0.0      0.0       0.0      0.0       0.0   1.0      0.0      0.2         0         1    0.004       0      0
  L1      1/0    0.83 KB   0.0      0.0     0.0      0.0       0.0      0.0       0.0   0.0      0.0      0.0         0         0    0.000       0      0
 Sum      3/0    2.47 KB   0.0      0.0     0.0      0.0       0.0      0.0       0.0   1.0      0.0      0.2         0         1    0.004       0      0
 Int      0/0    0.00 KB   0.0      0.0     0.0      0.0       0.0      0.0       0.0   0.0      0.0      0.0         0         0    0.000       0      0
Uptime(secs): 0.1 total, 0.0 interval
Flush(GB): cumulative 0.000, interval 0.000
AddFile(GB): cumulative 0.000, interval 0.000
AddFile(Total Files): cumulative 0, interval 0
AddFile(L0 Files): cumulative 0, interval 0
AddFile(Keys): cumulative 0, interval 0
Cumulative compaction: 0.00 GB write, 0.01 MB/s write, 0.00 GB read, 0.00 MB/s read, 0.0 seconds
Interval compaction: 0.00 GB write, 0.00 MB/s write, 0.00 GB read, 0.00 MB/s read, 0.0 seconds
Stalls(count): 0 level0_slowdown, 0 level0_slowdown_with_compaction, 0 level0_numfiles, 0 level0_numfiles_with_compaction, 0 stop for pending_compaction_bytes, 0 slowdown for pending_compaction_bytes, 0 memtable_compaction, 0 memtable_slowdown, interval 0 total count

** File Read Latency Histogram By Level [Configuration] **
** Level 0 read latency histogram (micros):
Count: 11 Average: 416.0909  StdDev: 1292.40
Min: 2  Median: 7.5000  Max: 4503
Percentiles: P50: 7.50 P75: 11.25 P99: 4503.00 P99.9: 4503.00 P99.99: 4503.00
------------------------------------------------------
(       1,       2 ]        2  18.182%  18.182% ####
(       2,       3 ]        1   9.091%  27.273% ##
(       4,       6 ]        1   9.091%  36.364% ##
(       6,      10 ]        4  36.364%  72.727% #######
(      10,      15 ]        1   9.091%  81.818% ##
(      15,      22 ]        1   9.091%  90.909% ##
(    4400,    6600 ]        1   9.091% 100.000% ##

** Level 1 read latency histogram (micros):
Count: 4 Average: 1142.5000  StdDev: 1965.59
Min: 4  Median: 10.0000  Max: 4547
Percentiles: P50: 10.00 P75: 15.00 P99: 4547.00 P99.9: 4547.00 P99.99: 4547.00
------------------------------------------------------
(       3,       4 ]        1  25.000%  25.000% #####
(       6,      10 ]        1  25.000%  50.000% #####
(      10,      15 ]        1  25.000%  75.000% #####
(    4400,    6600 ]        1  25.000% 100.000% #####

2022/08/18-08:49:17.409179 700011e52000 [WARN] [/db_impl.cc:617] STATISTICS:
 rocksdb.block.cache.miss COUNT : 14
rocksdb.block.cache.hit COUNT : 4
rocksdb.block.cache.add COUNT : 10
rocksdb.block.cache.add.failures COUNT : 0
rocksdb.block.cache.index.miss COUNT : 6
rocksdb.block.cache.index.hit COUNT : 4
rocksdb.block.cache.index.add COUNT : 5
rocksdb.block.cache.index.bytes.insert COUNT : 510
rocksdb.block.cache.index.bytes.evict COUNT : 0
rocksdb.block.cache.filter.miss COUNT : 0
rocksdb.block.cache.filter.hit COUNT : 0
rocksdb.block.cache.filter.add COUNT : 0
rocksdb.block.cache.filter.bytes.insert COUNT : 0
rocksdb.block.cache.filter.bytes.evict COUNT : 0
rocksdb.block.cache.data.miss COUNT : 8
rocksdb.block.cache.data.hit COUNT : 0
